# CANDELSData>	col 0: Mass	col 1: Size	Between redshifts 0.8 and 1.1
1.0515E+01 7.1741E-01
1.0045E+01 5.8761E-01
1.0748E+01 7.1308E-01
1.0424E+01 5.7751E-01
1.0041E+01 4.9861E-01
8.8400E+00 1.4919E-01
9.3030E+00 1.7220E-01
9.7880E+00 5.1901E-01
1.0292E+01 6.2112E-01
9.4760E+00 6.2996E-01
9.2150E+00 8.1132E-01
9.6590E+00 4.6864E-01
9.3460E+00 6.1358E-01
9.9460E+00 6.1067E-01
1.0360E+01 4.2249E-01
1.0598E+01 6.8944E-01
9.9710E+00 5.4254E-01
9.8860E+00 2.8799E-01
1.1010E+01 8.9935E-01
9.8240E+00 3.2666E-01
1.0070E+01 3.0898E-01
9.9530E+00 8.2410E-01
1.0463E+01 4.9251E-01
1.0269E+01 3.1722E-01
1.0031E+01 8.8969E-01
9.8730E+00 4.0320E-01
8.8680E+00 2.5540E-01
1.0725E+01 6.0403E-01
9.5460E+00 2.3822E-01
9.8860E+00 5.5046E-01
9.7450E+00 5.9185E-01
9.9870E+00 5.2005E-01
1.0577E+01 9.2832E-01
9.2650E+00 3.2401E-01
1.0560E+01 7.9969E-01
1.1358E+01 8.1947E-01
8.6720E+00 5.3182E-01
8.6720E+00 5.3182E-01
9.5600E+00 4.9477E-01
9.3710E+00 4.4338E-01
1.0256E+01 4.6247E-01
1.0164E+01 4.3779E-01
1.1122E+01 7.4631E-01
1.0488E+01 3.7639E-01
9.8290E+00 4.8632E-01
1.0990E+01 4.8601E-01
9.6290E+00 3.5762E-01
1.0733E+01 4.6495E-01
1.0506E+01 6.9993E-01
1.0759E+01 7.5739E-01
9.8080E+00 2.9592E-01
9.9210E+00 7.3056E-01
1.0142E+01 3.0780E-01
1.0113E+01 6.9635E-01
1.0101E+01 2.9844E-01
1.0048E+01 6.8165E-01
1.0927E+01 6.7968E-01
9.9010E+00 5.0863E-01
9.7560E+00 6.6150E-01
9.7580E+00 3.6634E-01
1.0564E+01 5.7885E-01
1.0313E+01 8.1108E-01
8.8330E+00 4.2477E-01
1.0018E+01 8.2241E-01
1.0184E+01 5.5238E-01
1.0417E+01 7.6973E-01
1.0799E+01 5.1729E-01
9.4600E+00 7.9364E-01
9.7460E+00 5.1500E-01
1.0246E+01 -INF
9.2530E+00 2.4794E-01
1.0609E+01 6.3441E-01
9.6520E+00 3.8853E-01
9.2860E+00 5.4907E-01
8.9030E+00 4.3820E-01
8.7990E+00 5.7061E-01
9.9940E+00 9.7717E-01
9.5710E+00 3.4136E-01
9.1230E+00 1.3164E-01
1.0144E+01 6.2980E-01
9.9120E+00 6.2871E-01
9.8950E+00 8.5222E-01
9.5220E+00 4.7348E-01
9.7610E+00 7.1909E-01
1.1130E+01 5.8300E-01
1.0008E+01 6.2444E-01
9.2230E+00 2.2976E-01
9.6020E+00 5.3231E-01
1.0414E+01 6.8227E-01
1.0428E+01 7.6613E-01
1.0406E+01 6.5112E-01
1.0812E+01 6.8569E-01
9.0780E+00 5.9010E-01
1.0113E+01 3.4570E-01
1.0872E+01 5.8502E-01
9.3050E+00 1.6273E-01
1.0217E+01 6.3815E-01
9.5640E+00 8.1741E-01
1.1079E+01 8.1752E-01
1.0686E+01 4.8555E-01
9.9170E+00 3.7747E-01
9.9780E+00 6.3552E-01
1.0763E+01 6.5333E-01
1.0327E+01 9.0168E-01
9.4510E+00 1.0090E-01
9.9660E+00 6.5004E-02
9.4610E+00 2.9837E-01
1.0033E+01 4.2136E-01
9.1570E+00 2.1328E-01
9.6570E+00 5.4510E-01
9.2600E+00 1.2584E-01
1.0769E+01 6.2046E-01
9.1260E+00 2.8215E-01
1.0720E+01 9.5935E-01
9.7160E+00 7.6340E-01
9.8110E+00 4.5273E-01
9.5100E+00 5.7620E-01
1.0565E+01 6.6021E-01
9.8520E+00 6.6633E-01
9.8490E+00 3.4564E-01
9.1180E+00 5.6608E-01
9.4040E+00 -7.3172E-03
8.9750E+00 1.9850E-01
1.0619E+01 4.6482E-01
9.6720E+00 4.6212E-01
1.0233E+01 5.6892E-01
9.8140E+00 2.7451E-01
1.0043E+01 6.2459E-01
1.0215E+01 9.2460E-01
1.0790E+01 7.8020E-01
9.5150E+00 4.3282E-01
1.0087E+01 4.4568E-01
9.4230E+00 5.2675E-01
9.3520E+00 5.0472E-01
9.8510E+00 9.1491E-01
8.9210E+00 2.9176E-01
9.3570E+00 5.5588E-01
8.9760E+00 2.2857E-01
9.2190E+00 2.7967E-01
9.6730E+00 2.4745E-01
9.0910E+00 3.5676E-01
9.8630E+00 5.3681E-01
1.0132E+01 6.6954E-01
1.0127E+01 7.2643E-01
9.2520E+00 6.7368E-01
1.0232E+01 7.9052E-01
1.0369E+01 2.3845E-01
9.9800E+00 7.5045E-01
1.0396E+01 6.5151E-01
9.5640E+00 3.9707E-01
9.0430E+00 6.0107E-01
9.9970E+00 8.5285E-01
9.8380E+00 2.8173E-01
9.8300E+00 4.7358E-01
1.0059E+01 2.9755E-01
9.0920E+00 3.1196E-01
1.0774E+01 8.1621E-01
1.0308E+01 6.5829E-01
9.6150E+00 6.0919E-01
1.0256E+01 4.2347E-01
9.7900E+00 3.5425E-01
9.5800E+00 3.0265E-01
9.5900E+00 7.0343E-01
1.0068E+01 7.0338E-01
1.1122E+01 8.5768E-01
1.0041E+01 7.3221E-01
9.4100E+00 5.3949E-01
9.0430E+00 4.2939E-01
9.0430E+00 4.2939E-01
9.5350E+00 7.2764E-01
9.3070E+00 4.7923E-01
9.2020E+00 6.3945E-01
1.0469E+01 5.5398E-01
1.0654E+01 6.7025E-01
9.6430E+00 4.1416E-01
9.5150E+00 6.7385E-01
9.3510E+00 2.6814E-01
9.7790E+00 3.0254E-01
9.3700E+00 2.8716E-02
9.1240E+00 1.5215E-01
9.6520E+00 1.9745E-01
9.6520E+00 1.9745E-01
9.5920E+00 7.3785E-01
9.6650E+00 7.2021E-01
1.0164E+01 3.4654E-01
9.7900E+00 5.0593E-01
9.7060E+00 4.8012E-01
9.8520E+00 5.8192E-01
1.0781E+01 6.9632E-01
1.0095E+01 6.9928E-01
8.9940E+00 3.9995E-01
1.1496E+01 7.7535E-01
1.1167E+01 8.2829E-01
1.0062E+01 5.3473E-01
1.0009E+01 3.1724E-01
8.8480E+00 3.2864E-01
1.0780E+01 8.4389E-01
1.0553E+01 8.1738E-01
9.1220E+00 1.8150E-01
9.3960E+00 3.8442E-01
9.3970E+00 6.1170E-01
9.3430E+00 5.3946E-01
9.9830E+00 4.9578E-01
1.0105E+01 1.0143E+00
1.0322E+01 9.2265E-01
9.5050E+00 3.5681E-01
9.4660E+00 7.4514E-01
9.9590E+00 2.0351E-01
9.0190E+00 1.2684E-01
9.6520E+00 5.0279E-01
1.0830E+01 7.4408E-01
1.0583E+01 4.5071E-01
1.0543E+01 4.4445E-01
1.0599E+01 7.5125E-01
9.7040E+00 3.1612E-01
1.0398E+01 4.6971E-01
1.0216E+01 6.3186E-01
1.1033E+01 6.9053E-01
9.3090E+00 4.4143E-01
1.0071E+01 4.9320E-01
9.4120E+00 3.8108E-01
8.7710E+00 2.0241E-01
9.2290E+00 2.0285E-01
1.0570E+01 6.6064E-01
9.5890E+00 5.3327E-01
1.0307E+01 4.7921E-01
1.1575E+01 8.8942E-01
1.0231E+01 4.6200E-01
1.0627E+01 7.9408E-01
9.1890E+00 3.0255E-01
1.0898E+01 8.1791E-01
9.5610E+00 4.4360E-01
9.7030E+00 5.6685E-01
8.9580E+00 4.8607E-01
9.2330E+00 4.2913E-01
1.0401E+01 5.0984E-01
9.4800E+00 5.7129E-01
9.4950E+00 2.6642E-01
1.1039E+01 8.8117E-01
9.3150E+00 2.2176E-01
1.0065E+01 5.6949E-01
9.4180E+00 7.5217E-02
9.7460E+00 3.6441E-01
9.9210E+00 6.5735E-01
1.0822E+01 4.7747E-01
9.0960E+00 2.5974E-01
9.1080E+00 3.2262E-01
9.0810E+00 4.5141E-01
8.7530E+00 2.0482E-01
1.0959E+01 6.8412E-01
9.4630E+00 3.4793E-01
1.0086E+01 4.9830E-01
1.0280E+01 6.1478E-01
9.4020E+00 3.1373E-01
9.5240E+00 2.5980E-01
9.9450E+00 2.7105E-01
1.0114E+01 6.8174E-01
8.7730E+00 6.7887E-01
8.8510E+00 3.6320E-01
9.7770E+00 2.4302E-01
1.0722E+01 6.9375E-01
1.0090E+01 5.7885E-01
1.0175E+01 4.8037E-01
9.8130E+00 7.2820E-01
9.3950E+00 4.5648E-01
8.9400E+00 3.7477E-01
8.7250E+00 1.6181E-01
8.7250E+00 1.6181E-01
8.8250E+00 7.3635E-01
9.8190E+00 4.2132E-01
9.3710E+00 1.8508E-01
1.0830E+01 6.7125E-01
9.2290E+00 6.0062E-01
9.4470E+00 1.0694E-01
1.0497E+01 6.7534E-01
1.0485E+01 6.1090E-01
1.0597E+01 4.2005E-01
9.8540E+00 6.2511E-01
1.1448E+01 9.4493E-01
9.7010E+00 4.3603E-01
1.1017E+01 4.6220E-01
9.4470E+00 2.7172E-01
9.7390E+00 3.2340E-01
9.9450E+00 7.8433E-01
9.2570E+00 3.3886E-01
1.0852E+01 8.2840E-01
1.1432E+01 8.9949E-01
8.9490E+00 1.8474E-01
9.0330E+00 5.2190E-01
9.6090E+00 4.5299E-01
1.0125E+01 6.5566E-01
9.3220E+00 1.5019E-01
9.0720E+00 3.3280E-01
1.0689E+01 1.1641E+00
9.7950E+00 5.6565E-01
9.1700E+00 1.9728E-01
9.5070E+00 2.3898E-01
9.4960E+00 2.5464E-01
9.4680E+00 5.1233E-01
9.4320E+00 4.7191E-01
1.0640E+01 3.9766E-01
9.5240E+00 1.3703E-01
9.6170E+00 6.1923E-01
1.0562E+01 5.1523E-01
1.0170E+01 6.1830E-01
1.0167E+01 4.9375E-01
1.0053E+01 8.2007E-01
1.0172E+01 5.4235E-01
9.0220E+00 1.9309E-01
9.7650E+00 3.8971E-01
9.4760E+00 5.5208E-01
1.0764E+01 7.7471E-01
1.0826E+01 6.7157E-01
9.2960E+00 2.4143E-01
9.7330E+00 5.4081E-01
9.0550E+00 1.7514E-01
8.7950E+00 2.7611E-01
9.0180E+00 5.7528E-01
1.0320E+01 6.3934E-01
1.1125E+01 4.2296E-01
1.0817E+01 9.3159E-01
1.0282E+01 7.0667E-01
9.7940E+00 2.3893E-01
1.0208E+01 6.9507E-01
9.6490E+00 5.2641E-01
9.9860E+00 5.8622E-01
9.7470E+00 4.8294E-01
1.0524E+01 7.7590E-01
1.0343E+01 4.6410E-01
9.4630E+00 7.2352E-01
1.0715E+01 5.1324E-01
9.6120E+00 3.8985E-01
9.4670E+00 6.0837E-01
9.0940E+00 4.8696E-01
1.0886E+01 6.6228E-01
1.0374E+01 7.6083E-01
1.0462E+01 8.3379E-01
9.6670E+00 7.2508E-01
9.3830E+00 2.5450E-01
1.0296E+01 5.4997E-01
9.6860E+00 2.8829E-01
9.5200E+00 4.4695E-01
9.0880E+00 7.1526E-01
1.0177E+01 3.1632E-01
9.0840E+00 7.9003E-01
9.8370E+00 4.9839E-01
1.0687E+01 6.2043E-01
9.4990E+00 5.9132E-01
1.0114E+01 6.9108E-01
9.4400E+00 1.9312E-01
1.0163E+01 2.4357E-01
9.3640E+00 4.5618E-01
9.1960E+00 1.9947E-01
1.0646E+01 7.5883E-01
9.8430E+00 5.2944E-01
9.6280E+00 6.5648E-01
1.1046E+01 8.8761E-01
9.6300E+00 3.2764E-01
8.8030E+00 2.3029E-01
9.6210E+00 2.8421E-01
9.9110E+00 6.9324E-01
9.8620E+00 4.5581E-01
1.0306E+01 5.7096E-01
1.0845E+01 5.4282E-01
1.0714E+01 5.5177E-01
9.5540E+00 5.9378E-01
9.1770E+00 3.4698E-01
9.1770E+00 3.4698E-01
9.5840E+00 2.8635E-01
1.0015E+01 7.6456E-01
9.9340E+00 3.2715E-01
1.0228E+01 4.7830E-01
8.8650E+00 6.7966E-01
9.9040E+00 4.6830E-01
9.4280E+00 2.6524E-01
1.0766E+01 7.7206E-01
9.2110E+00 5.7737E-01
8.8250E+00 1.8673E-01
9.4850E+00 2.7193E-01
1.0697E+01 6.6248E-01
9.5780E+00 2.9146E-01
9.1550E+00 7.3853E-01
9.6650E+00 1.5721E-01
9.1480E+00 4.2305E-01
9.6210E+00 4.0575E-01
9.8770E+00 2.5676E-01
9.5590E+00 7.0864E-01
9.5060E+00 4.1233E-01
1.1056E+01 8.5440E-01
9.1890E+00 1.7553E-01
1.0407E+01 3.5418E-01
9.2420E+00 2.1145E-01
9.4360E+00 2.2802E-01
9.8770E+00 8.3357E-01
1.0238E+01 6.9720E-01
9.0060E+00 8.6146E-02
9.0600E+00 4.3752E-01
1.0901E+01 7.9386E-01
9.7200E+00 2.7813E-01
9.6470E+00 2.3844E-01
9.6470E+00 2.3844E-01
1.0504E+01 9.4586E-01
9.9230E+00 6.7656E-01
9.4400E+00 3.8272E-01
9.6850E+00 2.9581E-01
1.1050E+01 6.9515E-01
9.1510E+00 5.5483E-01
9.3820E+00 3.2311E-01
9.5730E+00 7.3769E-01
1.0465E+01 8.5313E-01
9.0990E+00 5.0316E-01
9.9860E+00 7.4637E-01
9.8080E+00 2.0783E-01
9.5840E+00 3.2824E-01
9.9870E+00 5.6711E-01
9.4850E+00 5.4420E-01
1.0208E+01 3.3018E-01
1.0627E+01 6.3738E-01
9.2480E+00 -6.6725E-02
9.9620E+00 2.8924E-01
9.7940E+00 -1.1285E-01
1.0314E+01 6.5300E-01
1.0606E+01 6.4003E-01
9.3700E+00 2.3696E-01
9.6220E+00 7.8836E-01
1.0659E+01 7.0052E-01
1.0770E+01 7.7500E-01
1.0628E+01 4.9666E-01
1.0060E+01 5.0395E-01
1.0060E+01 5.0395E-01
9.7470E+00 6.6672E-01
9.6790E+00 3.2093E-01
9.9030E+00 3.4434E-01
9.5740E+00 5.0446E-01
9.2730E+00 4.4936E-01
1.0621E+01 7.7769E-01
1.0965E+01 4.3740E-01
1.0472E+01 6.7182E-01
1.0419E+01 3.1117E-01
1.0932E+01 8.2036E-01
9.8940E+00 4.4090E-01
1.0331E+01 7.0986E-01
1.0591E+01 5.7579E-01
1.0150E+01 5.6640E-01
9.5190E+00 5.9074E-01
9.2760E+00 -3.3035E-02
1.0527E+01 5.8466E-01
9.6320E+00 6.1468E-01
9.1970E+00 3.8088E-01
9.4130E+00 4.4393E-01
9.8010E+00 2.2713E-01
9.4010E+00 4.4367E-01
9.8720E+00 2.6893E-01
1.0792E+01 7.6356E-01
9.3370E+00 2.8727E-01
9.2890E+00 1.9607E-01
1.1425E+01 5.2798E-01
1.0059E+01 7.9556E-01
1.0531E+01 8.6054E-01
1.0302E+01 3.5206E-01
9.6400E+00 4.7911E-01
9.2810E+00 5.5841E-01
9.7870E+00 5.4912E-01
9.2410E+00 2.0377E-01
9.3150E+00 3.4557E-01
9.0390E+00 5.1381E-01
1.0290E+01 5.0874E-01
1.0481E+01 6.9072E-01
9.2990E+00 1.7252E-01
9.6550E+00 3.4709E-01
1.0012E+01 2.5336E-01
9.7030E+00 5.3502E-01
1.0963E+01 8.3294E-01
1.0098E+01 8.2860E-01
9.8410E+00 7.8488E-01
9.5900E+00 5.1069E-01
1.1117E+01 9.1182E-01
1.0150E+01 7.0062E-01
1.0255E+01 5.2658E-01
1.0020E+01 5.5750E-01
9.8720E+00 2.6186E-01
9.4790E+00 3.8552E-01
9.3600E+00 9.8946E-02
1.0406E+01 5.7187E-01
1.0166E+01 5.1321E-01
1.0184E+01 5.1232E-01
9.5880E+00 3.5213E-01
1.0406E+01 4.7211E-01
9.8700E+00 3.6671E-01
9.1280E+00 4.5351E-01
1.0894E+01 7.8665E-01
1.0148E+01 6.5171E-01
1.0565E+01 8.0504E-01
9.8570E+00 7.9002E-01
1.0417E+01 6.2379E-01
9.1080E+00 2.5061E-01
9.4940E+00 1.6426E-01
1.0338E+01 3.9289E-01
1.0140E+01 5.1204E-01
9.4520E+00 3.6254E-01
9.2610E+00 1.6715E-01
9.6480E+00 4.6374E-01
9.0830E+00 5.0857E-01
9.3750E+00 3.5422E-01
9.7270E+00 2.0162E-01
9.7550E+00 3.4381E-01
1.0028E+01 2.5525E-01
1.0256E+01 3.2523E-01
8.9240E+00 3.9800E-01
1.0312E+01 6.2472E-01
1.0275E+01 6.2635E-01
9.5880E+00 2.7918E-01
9.9470E+00 6.8700E-01
9.6330E+00 6.0360E-01
1.0332E+01 6.6151E-01
9.7320E+00 2.4788E-01
8.6800E+00 8.5451E-02
9.6110E+00 3.2170E-01
9.0960E+00 6.1348E-01
1.0020E+01 7.7601E-01
8.6520E+00 2.0081E-01
9.3870E+00 3.1925E-01
9.7900E+00 7.3220E-01
8.3260E+00 4.3762E-01
1.0255E+01 7.5885E-01
9.2420E+00 6.0705E-01
1.0166E+01 7.4427E-01
9.9540E+00 4.9749E-01
1.0012E+01 4.1047E-01
9.9010E+00 2.3832E-01
9.1060E+00 4.6361E-01
8.5600E+00 1.2005E-01
9.2070E+00 2.5123E-01
9.0640E+00 5.0765E-01
9.1660E+00 2.8880E-01
9.5070E+00 2.0014E-01
9.3110E+00 3.6433E-01
9.5450E+00 2.6942E-01
9.2610E+00 1.5761E-01
9.5640E+00 3.7413E-01
1.0260E+01 6.0329E-01
1.0480E+01 9.1870E-01
9.4130E+00 2.4060E-01
8.8530E+00 1.1366E-01
1.0625E+01 7.2288E-01
9.7380E+00 8.1379E-01
9.5270E+00 7.8561E-01
9.4910E+00 6.2703E-01
9.7770E+00 5.3729E-01
9.3960E+00 6.3413E-01
9.4320E+00 3.8999E-01
1.0815E+01 8.0382E-01
1.0746E+01 5.9245E-01
9.7650E+00 4.2494E-01
9.3880E+00 3.2840E-01
1.0778E+01 6.4864E-01
9.5400E+00 4.4438E-01
1.0075E+01 -5.9081E-01
1.0501E+01 4.0860E-01
9.6130E+00 7.7795E-01
1.0252E+01 5.3267E-01
1.0640E+01 7.1997E-01
9.0680E+00 2.7376E-01
1.0772E+01 6.1434E-01
1.0160E+01 5.8369E-01
1.0142E+01 4.7430E-01
8.6790E+00 5.3638E-01
9.2550E+00 4.5882E-01
9.4190E+00 3.8684E-01
9.8410E+00 4.1737E-01
9.2950E+00 3.9823E-01
9.9720E+00 3.9288E-01
9.5410E+00 2.3681E-01
9.9160E+00 4.0043E-01
9.2580E+00 -8.3354E-01
1.1035E+01 8.0134E-01
9.2720E+00 3.2387E-01
1.0036E+01 5.6970E-01
1.0839E+01 7.7172E-01
9.3320E+00 4.6721E-01
9.5930E+00 4.1751E-01
1.0312E+01 3.4027E-01
9.6570E+00 2.5825E-01
1.0054E+01 6.5264E-01
9.3210E+00 5.9629E-01
8.5300E+00 7.5324E-02
8.9190E+00 2.3743E-01
9.0740E+00 5.5526E-01
1.0266E+01 8.0731E-01
1.0075E+01 6.0386E-01
9.5400E+00 5.1951E-01
9.7890E+00 5.7818E-01
9.9820E+00 7.9802E-01
9.0700E+00 3.0000E-01
9.7510E+00 2.9935E-01
9.9550E+00 3.6342E-01
1.1172E+01 8.1454E-01
1.0160E+01 5.1156E-01
9.5800E+00 2.1394E-01
9.5240E+00 5.8712E-01
9.6110E+00 5.4480E-01
9.8570E+00 6.2376E-01
9.2410E+00 1.4583E-01
8.8580E+00 4.4062E-01
9.8050E+00 4.6195E-01
9.9800E+00 3.4140E-01
1.0732E+01 5.7873E-01
1.0189E+01 5.7788E-01
9.0460E+00 2.0953E-01
9.9660E+00 4.3451E-01
8.9150E+00 4.6336E-01
9.3490E+00 5.2740E-01
9.2680E+00 3.4275E-01
8.9710E+00 1.3387E-01
9.6220E+00 8.2672E-01
1.0549E+01 7.4591E-01
9.8810E+00 6.6394E-01
1.0150E+01 5.4273E-01
9.9490E+00 3.0123E-01
1.0166E+01 6.5518E-01
9.6300E+00 7.6063E-01
9.7950E+00 3.0867E-01
9.2960E+00 1.7988E-01
9.4870E+00 5.7899E-01
1.0252E+01 4.9783E-01
1.0133E+01 6.0723E-01
1.0408E+01 9.8243E-01
1.0022E+01 7.7132E-01
9.2920E+00 4.3956E-01
9.5890E+00 5.6299E-01
9.9660E+00 6.4724E-01
1.0334E+01 6.7726E-01
8.4170E+00 2.0406E-01
9.7550E+00 6.0803E-01
9.7420E+00 4.9458E-01
9.5670E+00 4.4225E-01
9.8300E+00 8.0543E-01
1.0701E+01 8.1125E-01
9.5510E+00 4.5318E-01
9.8490E+00 6.0052E-01
9.1440E+00 1.9276E-01
9.1300E+00 1.1663E-01
1.0446E+01 5.4207E-01
9.7190E+00 5.5528E-01
8.9150E+00 5.4484E-01
1.1642E+01 9.9299E-01
8.8820E+00 1.1875E-01
1.0604E+01 5.7623E-01
1.0340E+01 3.5051E-01
9.3690E+00 3.2267E-01
1.0464E+01 5.8687E-01
9.2560E+00 5.4223E-01
9.5020E+00 2.2625E-01
9.5050E+00 1.9965E-01
9.5110E+00 7.5069E-01
9.6070E+00 5.0139E-01
1.0543E+01 4.1949E-01
1.0734E+01 -INF
1.0476E+01 4.3729E-01
9.4610E+00 1.2071E-01
9.6280E+00 3.6410E-01
9.0100E+00 3.9275E-01
9.4660E+00 3.2059E-01
1.1166E+01 6.2330E-01
8.7750E+00 8.0831E-02
9.7510E+00 6.7955E-01
9.0550E+00 4.4490E-01
9.8150E+00 4.8514E-01
9.4120E+00 5.5420E-01
9.7930E+00 3.1925E-01
9.6900E+00 4.8520E-01
1.0596E+01 6.8563E-01
1.0208E+01 5.4842E-01
9.9880E+00 4.8651E-01
1.1090E+01 6.9245E-01
9.0290E+00 1.6958E-01
1.0239E+01 4.4244E-01
9.8580E+00 5.8783E-01
9.4310E+00 6.2299E-01
9.7950E+00 4.1664E-01
9.2220E+00 2.8960E-01
1.0938E+01 8.2237E-01
8.9680E+00 2.5665E-01
8.9730E+00 1.8977E-01
1.0542E+01 2.4051E-01
1.1376E+01 1.0613E+00
8.8590E+00 2.3195E-01
9.4120E+00 6.0780E-01
1.0811E+01 4.9595E-01
9.2260E+00 1.8621E-01
9.9150E+00 2.7569E-01
9.2000E+00 4.8549E-01
9.4540E+00 5.1794E-01
9.0300E+00 5.8669E-01
9.8970E+00 2.5315E-01
9.3770E+00 5.2177E-01
9.2860E+00 6.2848E-01
8.9380E+00 2.4339E-01
1.0409E+01 6.0063E-01
9.2520E+00 2.5159E-01
1.0513E+01 6.6476E-01
1.0721E+01 6.9274E-01
9.3250E+00 6.7432E-01
8.9350E+00 5.2590E-01
9.5970E+00 5.1670E-01
1.0343E+01 4.9097E-01
9.3890E+00 3.1667E-01
9.2180E+00 3.6808E-01
1.0143E+01 5.4500E-01
9.7860E+00 6.5629E-01
1.0012E+01 1.6138E-01
1.0346E+01 7.7809E-01
9.6440E+00 5.7414E-01
9.4770E+00 3.2904E-01
9.5490E+00 6.6174E-01
9.4620E+00 6.6209E-01
9.3350E+00 4.0950E-01
1.1223E+01 6.2545E-01
8.9660E+00 2.9005E-01
9.4650E+00 3.2609E-01
9.2010E+00 1.3032E-01
9.2980E+00 3.9885E-01
9.1390E+00 5.0124E-01
1.0616E+01 5.1324E-01
9.8660E+00 4.9600E-01
9.2640E+00 6.4807E-01
1.0564E+01 3.7959E-01
9.8570E+00 4.0032E-01
9.5460E+00 4.6178E-01
1.0180E+01 5.3177E-01
9.7640E+00 1.4154E-01
1.0104E+01 2.5816E-01
9.1500E+00 6.6740E-01
1.0238E+01 4.9590E-01
8.4540E+00 2.0949E-01
7.8580E+00 2.7142E-01
1.0318E+01 5.3330E-01
1.0219E+01 4.9456E-01
1.0735E+01 3.1600E-01
9.0870E+00 5.9683E-01
1.0402E+01 6.3832E-01
1.0964E+01 6.1306E-01
1.0173E+01 2.6266E-01
1.0304E+01 9.0318E-01
1.0005E+01 8.1694E-01
8.9810E+00 3.0572E-01
9.2120E+00 3.9697E-01
8.9630E+00 7.1441E-01
9.0100E+00 1.2621E-01
9.4460E+00 3.5603E-01
8.7030E+00 1.3075E-01
8.7310E+00 2.8304E-01
9.3280E+00 5.4688E-01
8.9750E+00 3.2811E-01
8.8580E+00 2.6244E-01
1.0272E+01 6.9462E-01
1.0675E+01 7.7119E-01
9.5610E+00 4.8863E-01
9.8980E+00 5.9209E-01
1.1258E+01 8.2845E-01
9.5020E+00 2.5262E-01
1.0757E+01 7.1334E-01
9.8010E+00 5.0334E-01
9.6400E+00 5.9747E-01
9.2360E+00 4.7398E-01
9.7000E+00 7.1718E-01
8.7050E+00 1.7749E-01
9.5170E+00 1.6651E-01
1.0025E+01 4.7057E-01
9.6060E+00 3.8476E-01
8.8700E+00 3.8883E-01
9.7600E+00 4.8913E-01
9.6000E+00 3.0391E-01
1.0862E+01 6.0878E-01
1.0184E+01 5.8364E-01
9.1870E+00 3.0904E-01
9.4990E+00 1.0486E-01
9.9010E+00 4.6264E-01
1.0110E+01 4.5697E-01
9.2070E+00 3.1648E-01
9.3920E+00 3.9499E-01
9.3630E+00 3.6667E-01
8.4570E+00 1.7426E-01
8.8900E+00 3.8835E-01
9.6520E+00 5.9009E-01
9.9310E+00 7.2415E-01
9.0920E+00 3.6175E-01
9.3320E+00 5.3124E-01
9.2900E+00 1.1114E-01
1.0160E+01 7.4707E-01
1.0999E+01 9.3817E-01
9.0780E+00 1.9392E-01
1.0045E+01 6.2151E-01
9.9020E+00 5.9368E-01
8.4550E+00 5.1648E-01
1.0536E+01 4.5434E-01
9.6310E+00 6.7994E-01
1.0288E+01 3.6654E-01
1.0284E+01 4.3301E-01
1.0886E+01 5.4648E-01
9.2100E+00 4.8004E-01
9.4330E+00 5.3747E-01
1.1112E+01 6.7099E-01
1.0382E+01 3.1327E-01
9.2310E+00 2.4084E-01
1.0352E+01 3.7058E-01
1.0155E+01 6.6582E-01
1.0140E+01 4.9599E-01
9.2550E+00 5.1318E-01
1.0395E+01 4.8443E-01
9.5350E+00 1.7742E-01
9.6700E+00 3.5332E-01
9.8770E+00 2.7221E-01
9.9670E+00 2.1790E-01
1.0191E+01 3.8562E-01
1.0467E+01 7.6731E-01
1.0043E+01 7.0154E-01
1.0562E+01 3.7748E-01
9.6710E+00 2.8091E-01
1.0151E+01 8.0145E-01
9.8330E+00 6.1177E-01
9.8510E+00 3.9489E-01
9.0920E+00 6.4439E-01
8.6890E+00 5.0904E-01
1.1030E+01 8.6256E-01
9.7480E+00 6.6493E-01
1.0100E+01 4.1372E-01
9.7210E+00 7.1878E-01
8.8910E+00 1.9612E-01
9.3610E+00 2.8767E-01
9.0760E+00 9.9121E-02
9.8000E+00 3.8039E-01
1.0606E+01 7.4800E-01
9.1000E+00 4.2042E-01
9.2370E+00 3.3810E-01
9.4840E+00 2.5661E-01
9.6040E+00 6.1569E-01
1.0159E+01 4.8666E-01
9.5940E+00 7.2587E-01
9.3910E+00 7.7657E-01
8.9260E+00 2.7087E-01
9.7460E+00 3.3701E-01
9.4080E+00 2.7623E-01
9.5540E+00 5.9915E-01
1.0483E+01 5.8671E-01
9.4400E+00 4.7923E-01
9.9340E+00 7.7787E-01
9.5200E+00 4.8357E-01
9.2250E+00 2.5776E-01
9.5670E+00 4.8288E-01
9.5310E+00 3.1119E-01
9.4700E+00 4.0280E-01
9.5970E+00 2.2643E-01
9.4510E+00 6.0282E-01
1.0177E+01 5.2093E-01
9.0010E+00 2.8362E-01
9.2100E+00 7.9159E-02
8.9990E+00 5.1157E-01
8.8980E+00 2.6374E-01
1.0181E+01 5.9013E-01
1.0277E+01 5.5836E-01
1.0120E+01 6.8535E-01
9.5290E+00 2.9353E-01
9.5290E+00 2.9353E-01
8.9400E+00 4.1459E-01
8.9400E+00 4.1459E-01
9.7110E+00 4.6986E-01
9.6970E+00 6.5816E-01
9.6970E+00 6.5816E-01
9.0450E+00 2.1848E-01
9.0450E+00 2.1848E-01
1.0034E+01 3.2704E-01
1.0034E+01 3.2704E-01
9.1640E+00 6.9447E-01
9.4160E+00 4.1738E-01
1.0507E+01 5.2080E-01
1.0507E+01 5.2080E-01
9.8600E+00 7.2477E-01
9.2230E+00 3.9363E-01
9.0590E+00 5.9612E-01
9.3730E+00 2.2877E-01
9.3730E+00 2.2877E-01
1.1276E+01 3.9384E-01
1.1276E+01 3.9384E-01
1.1276E+01 3.9384E-01
1.0214E+01 3.2364E-01
1.0494E+01 6.1777E-01
1.0494E+01 6.1777E-01
8.9930E+00 2.1652E-01
1.1115E+01 6.1332E-01
1.1115E+01 6.1332E-01
1.1115E+01 6.1332E-01
9.1270E+00 5.8886E-01
9.1270E+00 5.8886E-01
9.1460E+00 4.6149E-01
8.8020E+00 1.5643E-01
8.8640E+00 5.7895E-01
8.8640E+00 5.7895E-01
8.8640E+00 5.7895E-01
9.2620E+00 4.7142E-01
9.0920E+00 5.3991E-01
9.0920E+00 5.3991E-01
9.0920E+00 5.3991E-01
9.3850E+00 4.4475E-01
8.9200E+00 1.9056E-01
8.9200E+00 1.9056E-01
1.0115E+01 6.0727E-01
1.0115E+01 6.0727E-01
9.3890E+00 8.5179E-02
1.0245E+01 6.1649E-01
1.0245E+01 6.1649E-01
9.6930E+00 4.2940E-01
9.6930E+00 4.2940E-01
9.6930E+00 4.2940E-01
9.0000E+00 5.4690E-01
9.0000E+00 5.4690E-01
9.0000E+00 5.4690E-01
1.0047E+01 6.1709E-01
1.0047E+01 6.1709E-01
1.0047E+01 6.1709E-01
9.3710E+00 4.9877E-01
9.3710E+00 4.9877E-01
9.3710E+00 4.9877E-01
9.5800E+00 8.4918E-01
9.5800E+00 8.4918E-01
9.5800E+00 8.4918E-01
8.9040E+00 4.4291E-01
8.9040E+00 4.4291E-01
9.5240E+00 1.4028E-01
9.5240E+00 1.4028E-01
9.4910E+00 3.7313E-01
9.4910E+00 3.7313E-01
9.4910E+00 3.7313E-01
9.9130E+00 9.0648E-01
9.9130E+00 9.0648E-01
9.9130E+00 9.0648E-01
9.1930E+00 1.9203E-01
9.1930E+00 1.9203E-01
9.1930E+00 1.9203E-01
9.3090E+00 2.1720E-01
9.3090E+00 2.1720E-01
9.3090E+00 2.1720E-01
1.0403E+01 7.4342E-01
1.0108E+01 4.5845E-01
1.0108E+01 4.5845E-01
1.0108E+01 4.5845E-01
9.7670E+00 1.3870E-01
9.7670E+00 1.3870E-01
9.7560E+00 2.1204E-01
9.7560E+00 2.1204E-01
9.5360E+00 3.7139E-01
9.5360E+00 3.7139E-01
9.2920E+00 1.1671E-01
9.2990E+00 2.6230E-01
8.8570E+00 2.7177E-01
8.8570E+00 2.7177E-01
9.6470E+00 3.6437E-01
1.0616E+01 6.2209E-01
1.0616E+01 6.2209E-01
1.0080E+01 2.9802E-01
9.0430E+00 6.7460E-01
9.0430E+00 6.7460E-01
9.4900E+00 4.2849E-01
8.9800E+00 7.6032E-01
8.9800E+00 7.6032E-01
8.9800E+00 7.6032E-01
9.7900E+00 6.3193E-01
9.7900E+00 6.3193E-01
9.7900E+00 6.3193E-01
9.3160E+00 2.7519E-01
1.0589E+01 7.3986E-01
1.0589E+01 7.3986E-01
1.0589E+01 7.3986E-01
1.1197E+01 5.2868E-01
1.1197E+01 5.2868E-01
9.4210E+00 5.6368E-01
9.4210E+00 5.6368E-01
9.0050E+00 1.3200E-01
9.0050E+00 1.3200E-01
9.0050E+00 1.3200E-01
9.2630E+00 4.4658E-01
9.2630E+00 4.4658E-01
8.8120E+00 1.0402E-01
8.8120E+00 1.0402E-01
8.8120E+00 1.0402E-01
9.8170E+00 6.0281E-01
9.8170E+00 6.0281E-01
9.8170E+00 6.0281E-01
1.1327E+01 7.1581E-01
1.1327E+01 7.1581E-01
1.0506E+01 8.0705E-01
1.0962E+01 7.6423E-01
1.0962E+01 7.6423E-01
1.0962E+01 7.6423E-01
1.0057E+01 5.7726E-01
1.0057E+01 5.7726E-01
1.0057E+01 5.7726E-01
1.0277E+01 6.3547E-01
9.2540E+00 5.0972E-01
9.1920E+00 3.7523E-01
9.1210E+00 2.7057E-01
9.1000E+00 4.6762E-01
9.1000E+00 4.6762E-01
1.0378E+01 7.9651E-01
1.0378E+01 7.9651E-01
1.0378E+01 7.9651E-01
9.6140E+00 5.9707E-01
9.6140E+00 5.9707E-01
9.6140E+00 5.9707E-01
9.4950E+00 4.5401E-01
9.4950E+00 4.5401E-01
9.4950E+00 4.5401E-01
9.9760E+00 3.4238E-01
8.7750E+00 1.5723E-02
9.9870E+00 4.7903E-01
9.9870E+00 4.7903E-01
9.7550E+00 3.8987E-01
9.1510E+00 4.3358E-01
9.1510E+00 4.3358E-01
9.1510E+00 4.3358E-01
9.9980E+00 6.2616E-01
9.9980E+00 6.2616E-01
9.9980E+00 6.2616E-01
1.0343E+01 8.4142E-01
1.0343E+01 8.4142E-01
1.0572E+01 3.7600E-01
1.0572E+01 3.7600E-01
9.5050E+00 4.2060E-01
1.1005E+01 5.8706E-01
1.1005E+01 5.8706E-01
1.1005E+01 5.8706E-01
9.5940E+00 5.2113E-01
9.9850E+00 4.3790E-01
9.9850E+00 4.3790E-01
9.8180E+00 3.3456E-01
9.8180E+00 3.3456E-01
9.0220E+00 2.6405E-01
9.0220E+00 2.6405E-01
9.0220E+00 2.6405E-01
9.1360E+00 3.3252E-01
1.0280E+01 4.2396E-01
1.0280E+01 4.2396E-01
8.8780E+00 1.8031E-01
8.8780E+00 1.8031E-01
8.8780E+00 1.8031E-01
1.1095E+01 9.0238E-01
1.1095E+01 9.0238E-01
1.1095E+01 9.0238E-01
9.7440E+00 7.5454E-01
9.7440E+00 7.5454E-01
8.9380E+00 2.8176E-01
8.9380E+00 2.8176E-01
8.9240E+00 1.4761E-02
9.0740E+00 3.8150E-01
9.4750E+00 6.2420E-01
9.4750E+00 6.2420E-01
9.4750E+00 6.2420E-01
8.8140E+00 3.0559E-01
8.8140E+00 3.0559E-01
8.8140E+00 3.0559E-01
9.0020E+00 1.9359E-01
9.0020E+00 1.9359E-01
9.9960E+00 5.7921E-01
1.0132E+01 4.9289E-01
1.0132E+01 4.9289E-01
9.2370E+00 3.8074E-01
9.2370E+00 3.8074E-01
9.4960E+00 7.6000E-01
1.0690E+01 8.1044E-01
1.0690E+01 8.1044E-01
1.0690E+01 8.1044E-01
1.0266E+01 3.6166E-01
1.0266E+01 3.6166E-01
1.0266E+01 3.6166E-01
9.6960E+00 2.9274E-01
9.6960E+00 2.9274E-01
9.6960E+00 2.9274E-01
9.1270E+00 3.5269E-01
9.2860E+00 9.9164E-02
9.2860E+00 9.9164E-02
9.2860E+00 9.9164E-02
9.2060E+00 5.5584E-01
9.2060E+00 5.5584E-01
9.2060E+00 5.5584E-01
8.8830E+00 -2.7307E-01
9.6510E+00 6.6149E-01
9.6510E+00 6.6149E-01
9.2910E+00 5.6259E-01
9.2910E+00 5.6259E-01
9.2910E+00 5.6259E-01
8.8920E+00 2.5441E-01
8.8920E+00 2.5441E-01
8.8920E+00 2.5441E-01
8.8630E+00 3.1506E-01
9.2800E+00 4.4096E-01
9.2800E+00 4.4096E-01
9.2800E+00 4.4096E-01
8.7960E+00 5.9698E-01
9.3050E+00 1.6170E-01
9.3050E+00 1.6170E-01
9.8100E+00 4.7770E-01
9.8100E+00 4.7770E-01
9.8100E+00 4.7770E-01
9.1810E+00 4.2094E-01
9.1810E+00 4.2094E-01
9.1810E+00 4.2094E-01
8.8950E+00 2.9142E-01
9.1260E+00 2.2508E-01
9.1260E+00 2.2508E-01
9.1260E+00 2.2508E-01
9.0110E+00 3.4502E-01
9.0110E+00 3.4502E-01
9.0110E+00 3.4502E-01
9.0110E+00 2.2084E-01
9.0110E+00 2.2084E-01
9.5970E+00 6.7166E-01
9.5970E+00 6.7166E-01
9.5970E+00 6.7166E-01
8.7270E+00 3.8670E-02
8.7270E+00 3.8670E-02
8.7270E+00 3.8670E-02
9.2680E+00 3.5263E-01
9.6850E+00 3.0940E-01
9.6850E+00 3.0940E-01
9.6850E+00 3.0940E-01
9.7030E+00 3.5205E-01
9.7030E+00 3.5205E-01
8.9290E+00 1.5841E-01
8.9290E+00 1.5841E-01
9.2950E+00 4.3164E-01
9.2950E+00 4.3164E-01
9.2950E+00 4.3164E-01
8.7270E+00 1.9764E-01
8.8220E+00 5.2902E-01
8.8220E+00 5.2902E-01
8.8220E+00 5.2902E-01
9.1570E+00 1.2592E-01
1.0077E+01 2.2405E-01
1.0077E+01 2.2405E-01
9.5780E+00 6.0869E-01
9.5780E+00 6.0869E-01
9.5780E+00 6.0869E-01
9.0710E+00 5.5495E-01
9.0710E+00 5.5495E-01
9.0710E+00 5.5495E-01
9.0240E+00 4.6048E-01
9.0240E+00 4.6048E-01
9.0240E+00 4.6048E-01
1.0213E+01 7.1818E-01
1.0213E+01 7.1818E-01
1.0213E+01 7.1818E-01
9.6450E+00 3.9242E-01
9.6450E+00 3.9242E-01
9.3820E+00 4.3699E-01
9.6160E+00 4.5593E-01
9.6160E+00 4.5593E-01
9.6160E+00 4.5593E-01
1.0698E+01 7.3166E-01
1.0698E+01 7.3166E-01
1.0698E+01 7.3166E-01
9.1970E+00 9.8039E-02
9.1970E+00 9.8039E-02
9.1970E+00 9.8039E-02
9.3620E+00 5.8726E-01
9.3620E+00 5.8726E-01
9.3620E+00 5.8726E-01
9.1230E+00 4.0975E-01
9.1230E+00 4.0975E-01
9.4010E+00 4.6691E-01
7.7910E+00 1.8053E-01
7.7910E+00 1.8053E-01
7.7910E+00 1.8053E-01
9.9490E+00 8.2524E-01
9.9490E+00 8.2524E-01
9.9490E+00 8.2524E-01
1.0253E+01 3.6316E-01
1.0253E+01 3.6316E-01
1.0253E+01 3.6316E-01
9.1090E+00 3.1122E-01
9.4480E+00 3.5150E-01
9.5240E+00 5.1340E-01
9.5240E+00 5.1340E-01
9.5240E+00 5.1340E-01
9.3600E+00 2.3834E-01
9.6030E+00 6.1998E-01
9.6030E+00 6.1998E-01
8.4160E+00 -3.0184E-02
8.4160E+00 -3.0184E-02
8.9560E+00 1.6509E-01
9.0030E+00 2.3030E-01
8.6760E+00 2.2243E-01
8.6760E+00 2.2243E-01
8.6760E+00 2.2243E-01
9.4850E+00 3.0375E-01
9.4850E+00 3.0375E-01
1.0084E+01 3.2463E-01
1.0084E+01 3.2463E-01
9.9910E+00 2.8325E-01
9.9910E+00 2.8325E-01
9.9910E+00 2.8325E-01
1.0784E+01 4.1144E-01
1.0784E+01 4.1144E-01
9.3910E+00 3.9965E-01
9.3910E+00 3.9965E-01
1.0384E+01 2.7604E-01
1.0384E+01 2.7604E-01
1.0266E+01 6.1621E-01
1.0266E+01 6.1621E-01
1.0266E+01 6.1621E-01
9.3920E+00 5.2640E-01
9.3920E+00 5.2640E-01
9.3920E+00 5.2640E-01
9.8700E+00 4.1863E-01
9.8700E+00 4.1863E-01
9.8700E+00 4.1863E-01
1.0460E+01 8.3448E-01
1.0460E+01 8.3448E-01
1.0460E+01 8.3448E-01
9.7250E+00 3.5889E-01
9.7250E+00 3.5889E-01
9.7250E+00 3.5889E-01
1.0138E+01 4.5288E-01
1.0138E+01 4.5288E-01
1.0138E+01 4.5288E-01
9.1730E+00 5.2844E-01
1.0698E+01 5.8945E-01
1.0698E+01 5.8945E-01
1.0698E+01 5.8945E-01
1.0911E+01 4.7657E-01
1.0911E+01 4.7657E-01
9.2630E+00 7.3530E-01
1.0292E+01 4.0312E-01
1.0292E+01 4.0312E-01
1.0292E+01 4.0312E-01
9.2570E+00 5.7258E-01
9.2570E+00 5.7258E-01
9.2570E+00 5.7258E-01
1.0425E+01 5.9406E-01
1.0425E+01 5.9406E-01
1.0425E+01 5.9406E-01
9.8430E+00 6.4628E-01
9.8430E+00 6.4628E-01
9.8430E+00 6.4628E-01
9.8100E+00 3.6712E-01
9.8100E+00 3.6712E-01
9.8100E+00 3.6712E-01
9.4700E+00 3.9623E-01
9.4700E+00 3.9623E-01
9.9130E+00 3.2325E-01
9.9000E+00 4.2187E-01
9.9000E+00 4.2187E-01
9.9000E+00 4.2187E-01
9.3950E+00 7.2236E-01
9.3950E+00 7.2236E-01
9.3950E+00 7.2236E-01
9.0430E+00 5.8763E-01
9.8760E+00 3.4335E-01
9.0640E+00 4.4868E-01
9.0640E+00 4.4868E-01
1.0102E+01 3.7467E-01
9.4960E+00 4.0351E-01
1.0385E+01 6.6710E-01
1.0385E+01 6.6710E-01
1.0385E+01 6.6710E-01
1.0171E+01 6.3945E-01
1.0229E+01 2.4425E-01
1.0229E+01 2.4425E-01
1.0167E+01 5.8051E-01
1.0184E+01 3.5483E-01
1.0184E+01 3.5483E-01
8.6790E+00 1.9559E-01
8.6790E+00 1.9559E-01
8.8780E+00 5.8623E-01
8.8780E+00 5.8623E-01
8.8780E+00 5.8623E-01
8.8780E+00 5.8623E-01
9.0630E+00 3.8581E-01
1.0275E+01 4.3432E-01
1.0275E+01 4.3432E-01
1.0275E+01 4.3432E-01
9.1270E+00 2.9423E-01
9.1270E+00 2.9423E-01
8.7470E+00 3.4195E-01
1.1195E+01 8.5094E-01
1.1195E+01 8.5094E-01
1.1195E+01 8.5094E-01
1.0124E+01 2.0414E-01
1.0124E+01 2.0414E-01
9.3160E+00 3.5733E-01
9.3160E+00 3.5733E-01
9.4900E+00 6.7261E-01
9.4900E+00 6.7261E-01
9.4900E+00 6.7261E-01
1.1034E+01 4.0867E-01
1.1034E+01 4.0867E-01
9.6790E+00 2.9535E-01
9.6790E+00 2.9535E-01
9.6790E+00 2.9535E-01
9.6790E+00 2.9535E-01
9.0000E+00 5.9606E-01
9.9800E+00 3.4259E-01
9.9800E+00 3.4259E-01
8.8150E+00 2.7445E-01
1.0241E+01 7.2347E-01
1.0241E+01 7.2347E-01
9.3860E+00 1.8566E-01
9.3860E+00 1.8566E-01
8.7410E+00 1.5081E-01
9.5630E+00 4.8727E-01
9.2300E+00 3.2778E-01
9.2300E+00 3.2778E-01
9.1920E+00 6.5072E-01
9.1920E+00 6.5072E-01
9.5830E+00 6.5284E-01
9.5830E+00 6.5284E-01
9.5830E+00 6.5284E-01
9.3890E+00 2.9645E-01
1.0272E+01 7.8206E-01
1.0272E+01 7.8206E-01
1.0272E+01 7.8206E-01
1.0191E+01 3.2598E-01
1.0191E+01 3.2598E-01
9.3510E+00 3.5112E-01
9.3510E+00 3.5112E-01
9.3510E+00 3.5112E-01
1.0047E+01 7.7482E-01
1.0021E+01 -1.2396E-01
1.0021E+01 -1.2396E-01
9.9970E+00 4.3337E-01
9.9970E+00 4.3337E-01
1.0178E+01 6.8356E-01
1.0178E+01 6.8356E-01
9.5620E+00 3.4417E-01
9.5620E+00 3.4417E-01
9.5620E+00 3.4417E-01
9.8100E+00 2.3560E-01
9.8100E+00 2.3560E-01
9.8100E+00 2.3560E-01
9.6500E+00 5.5072E-01
9.6500E+00 5.5072E-01
9.6500E+00 5.5072E-01
1.0120E+01 4.6273E-01
1.0120E+01 4.6273E-01
9.7180E+00 2.4983E-01
9.7180E+00 2.4983E-01
9.7180E+00 2.4983E-01
9.7180E+00 2.4983E-01
9.7180E+00 2.4983E-01
8.4650E+00 1.3183E-01
8.4650E+00 1.3183E-01
9.6930E+00 5.1215E-01
9.6930E+00 5.1215E-01
9.6930E+00 5.1215E-01
9.4590E+00 1.7188E-01
9.4590E+00 1.7188E-01
9.4590E+00 1.7188E-01
9.4590E+00 1.7188E-01
9.4590E+00 1.7188E-01
8.7780E+00 1.6589E-01
8.7780E+00 1.6589E-01
8.7780E+00 1.6589E-01
9.0060E+00 2.9923E-01
9.0060E+00 2.9923E-01
9.8920E+00 5.7091E-01
8.9240E+00 3.9285E-01
9.5760E+00 5.2844E-01
9.5760E+00 5.2844E-01
9.5760E+00 5.2844E-01
1.0546E+01 8.5277E-01
1.0546E+01 8.5277E-01
1.0602E+01 2.5937E-01
1.0145E+01 4.0420E-01
1.0144E+01 9.0477E-01
1.0144E+01 9.0477E-01
1.1030E+01 8.9572E-01
1.1030E+01 8.9572E-01
0.0000E+00 6.3013E-01
0.0000E+00 6.3013E-01
9.6920E+00 3.9216E-01
9.6920E+00 3.9216E-01
1.0567E+01 7.9639E-01
1.0567E+01 7.9639E-01
9.5590E+00 6.9633E-01
9.5590E+00 6.9633E-01
9.3010E+00 4.4171E-01
9.3380E+00 5.0115E-01
9.4260E+00 4.6240E-01
9.4260E+00 4.6240E-01
9.2880E+00 2.9319E-01
9.2880E+00 2.9319E-01
8.9890E+00 3.0739E-01
8.9890E+00 3.0739E-01
8.9890E+00 3.0739E-01
9.2650E+00 3.0467E-01
9.2650E+00 3.0467E-01
1.0258E+01 5.3277E-01
1.0258E+01 5.3277E-01
1.0258E+01 5.3277E-01
9.1990E+00 7.2418E-01
9.1990E+00 7.2418E-01
9.8350E+00 5.8777E-01
9.8350E+00 5.8777E-01
9.8350E+00 5.8777E-01
8.2110E+00 2.4412E-01
8.2110E+00 2.4412E-01
1.0449E+01 -INF
9.3580E+00 7.0847E-01
9.3580E+00 7.0847E-01
9.5580E+00 7.3901E-01
9.5580E+00 7.3901E-01
9.8210E+00 7.3790E-01
9.8210E+00 7.3790E-01
9.8210E+00 7.3790E-01
9.8210E+00 7.3790E-01
8.2020E+00 3.6446E-01
8.2020E+00 3.6446E-01
9.4310E+00 5.2190E-01
9.4310E+00 5.2190E-01
9.6780E+00 6.8449E-01
9.6780E+00 6.8449E-01
9.6780E+00 6.8449E-01
9.2070E+00 5.6126E-01
9.2070E+00 5.6126E-01
9.3760E+00 8.4708E-01
9.0630E+00 4.9692E-01
9.0630E+00 4.9692E-01
9.0630E+00 4.9692E-01
1.0609E+01 3.2870E-01
1.0609E+01 3.2870E-01
1.0742E+01 7.6746E-01
1.0742E+01 7.6746E-01
9.5010E+00 2.2209E-01
9.5010E+00 2.2209E-01
9.1290E+00 5.0568E-01
9.6420E+00 4.8519E-01
9.6420E+00 4.8519E-01
9.2830E+00 2.0788E-01
9.2830E+00 2.0788E-01
9.2910E+00 5.8272E-01
9.7720E+00 7.8509E-01
9.6880E+00 5.0446E-01
9.6880E+00 5.0446E-01
1.0731E+01 6.1110E-01
1.0731E+01 6.1110E-01
9.2720E+00 2.7398E-01
9.2720E+00 2.7398E-01
8.8950E+00 2.1415E-01
9.0560E+00 5.2340E-01
9.9110E+00 6.4237E-01
9.9110E+00 6.4237E-01
1.0167E+01 6.4664E-01
1.0167E+01 6.4664E-01
9.3020E+00 3.9113E-01
9.3020E+00 3.9113E-01
1.1018E+01 9.3356E-01
1.1018E+01 9.3356E-01
1.0521E+01 6.0146E-01
1.0521E+01 6.0146E-01
1.0521E+01 6.0146E-01
1.0521E+01 6.0146E-01
1.0904E+01 4.2594E-01
1.0904E+01 4.2594E-01
9.7030E+00 4.6351E-01
9.2010E+00 3.7740E-01
9.2010E+00 3.7740E-01
1.0645E+01 5.4057E-01
1.0645E+01 5.4057E-01
1.0645E+01 5.4057E-01
1.0645E+01 5.4057E-01
9.0180E+00 2.7147E-01
9.0180E+00 2.7147E-01
1.1209E+01 5.8428E-01
1.1209E+01 5.8428E-01
8.8730E+00 7.0477E-01
8.8730E+00 7.0477E-01
9.5930E+00 6.4215E-01
9.5930E+00 6.4215E-01
1.0256E+01 6.0934E-01
9.3860E+00 8.5383E-02
9.3860E+00 8.5383E-02
1.0206E+01 8.1687E-01
1.0206E+01 8.1687E-01
9.1520E+00 7.4733E-01
9.1520E+00 7.4733E-01
8.4450E+00 4.1185E-01
8.4450E+00 4.1185E-01
9.2650E+00 4.6386E-01
9.2650E+00 4.6386E-01
1.0258E+01 3.5468E-01
1.0258E+01 3.5468E-01
1.0052E+01 3.2831E-01
1.0791E+01 5.6768E-01
1.0791E+01 5.6768E-01
1.0745E+01 3.0965E-01
9.0420E+00 1.5967E-01
9.0420E+00 1.5967E-01
1.0511E+01 4.6331E-01
1.0511E+01 4.6331E-01
1.0114E+01 3.6493E-01
1.0114E+01 3.6493E-01
1.0043E+01 8.5296E-01
9.8320E+00 2.3242E-01
8.8740E+00 -2.2104E-01
8.8740E+00 -2.2104E-01
9.1630E+00 3.7859E-01
8.4090E+00 7.0142E-01
8.4090E+00 7.0142E-01
9.4120E+00 3.2743E-01
9.4120E+00 3.2743E-01
1.1035E+01 9.3693E-01
1.1035E+01 9.3693E-01
9.7640E+00 2.4545E-01
9.7640E+00 2.4545E-01
9.2790E+00 5.4701E-01
9.0660E+00 2.9583E-01
1.1120E+01 7.2936E-01
1.1120E+01 7.2936E-01
9.4720E+00 4.9524E-01
8.9330E+00 4.0483E-01
9.4460E+00 6.5365E-01
9.4460E+00 6.5365E-01
1.0313E+01 6.3869E-01
1.0313E+01 6.3869E-01
1.0313E+01 6.3869E-01
1.0313E+01 6.3869E-01
1.0463E+01 4.8176E-01
1.0463E+01 4.8176E-01
8.9980E+00 1.9928E-01
8.9980E+00 1.9928E-01
8.8260E+00 2.0124E-01
1.0353E+01 6.8668E-01
1.0353E+01 6.8668E-01
9.2040E+00 6.0006E-01
9.6270E+00 4.1088E-01
9.6270E+00 4.1088E-01
1.0707E+01 8.2460E-01
1.0707E+01 8.2460E-01
9.5280E+00 3.4510E-01
9.7490E+00 4.1915E-01
9.7490E+00 4.1915E-01
1.0256E+01 4.8636E-01
1.0524E+01 8.4781E-01
1.0524E+01 8.4781E-01
9.0780E+00 4.7386E-01
1.0336E+01 6.7998E-01
1.0067E+01 3.9111E-01
1.0067E+01 3.9111E-01
9.7980E+00 3.6447E-01
9.7980E+00 3.6447E-01
1.0931E+01 6.8221E-01
1.0931E+01 6.8221E-01
1.0074E+01 5.8673E-01
1.0074E+01 5.8673E-01
1.0232E+01 3.3214E-01
1.0232E+01 3.3214E-01
9.7210E+00 4.1219E-01
9.7210E+00 4.1219E-01
9.1500E+00 4.4794E-01
9.1500E+00 4.4794E-01
1.0411E+01 5.4352E-01
1.0411E+01 5.4352E-01
8.2750E+00 2.9513E-01
8.2750E+00 2.9513E-01
9.7460E+00 7.4030E-01
9.7460E+00 7.4030E-01
9.9760E+00 3.0782E-01
9.9760E+00 3.0782E-01
1.0293E+01 7.6953E-01
1.0293E+01 7.6953E-01
9.8750E+00 6.7871E-01
9.8750E+00 6.7871E-01
9.2370E+00 6.0264E-01
9.2370E+00 6.0264E-01
1.1180E+01 6.2135E-01
1.1180E+01 6.2135E-01
9.5730E+00 1.9647E-01
9.4570E+00 6.7058E-01
9.4570E+00 6.7058E-01
9.3940E+00 -7.8235E-03
9.3940E+00 -7.8235E-03
9.4530E+00 5.0093E-01
9.4530E+00 5.0093E-01
9.7590E+00 6.0819E-01
9.7590E+00 6.0819E-01
1.0213E+01 6.2490E-01
1.0933E+01 2.5330E-01
1.0933E+01 2.5330E-01
9.2300E+00 7.8848E-01
9.3190E+00 2.1159E-01
1.0020E+01 2.3568E-01
1.0020E+01 2.3568E-01
9.3580E+00 2.9267E-01
9.8410E+00 2.8598E-01
9.6420E+00 3.6792E-01
9.6420E+00 3.6792E-01
9.8560E+00 8.1997E-01
9.8560E+00 8.1997E-01
1.0320E+01 4.3072E-01
9.2790E+00 7.6311E-02
9.2790E+00 7.6311E-02
8.9120E+00 4.0943E-01
9.9880E+00 7.3867E-01
9.9880E+00 7.3867E-01
9.6230E+00 5.1525E-01
9.6230E+00 5.1525E-01
9.3780E+00 4.3714E-01
9.3780E+00 4.3714E-01
8.9650E+00 1.0499E-01
9.6320E+00 7.9305E-01
9.0040E+00 4.9496E-01
9.0040E+00 4.9496E-01
1.0564E+01 -INF
1.0564E+01 -INF
1.1100E+01 3.8416E-01
1.1100E+01 3.8416E-01
9.8510E+00 3.3753E-01
9.8510E+00 3.3753E-01
9.0290E+00 2.0469E-01
9.6920E+00 6.6434E-01
9.6920E+00 6.6434E-01
8.7170E+00 2.1514E-01
8.7170E+00 2.1514E-01
1.0332E+01 6.3669E-01
1.0332E+01 6.3669E-01
1.1613E+01 6.7453E-01
1.1613E+01 6.7453E-01
1.0259E+01 9.1192E-01
1.0259E+01 9.1192E-01
8.8750E+00 3.6810E-01
8.6350E+00 7.0486E-01
9.7360E+00 6.0410E-01
9.5800E+00 3.7600E-01
1.0767E+01 2.9539E-01
9.4030E+00 4.7913E-01
9.8950E+00 8.5636E-01
1.0245E+01 3.8649E-01
1.0916E+01 5.4652E-01
1.0011E+01 3.0827E-01
9.0310E+00 5.4914E-01
9.6090E+00 3.6542E-01
9.2240E+00 4.0774E-01
8.6410E+00 1.4188E-01
9.9030E+00 6.4768E-01
8.5840E+00 4.6631E-01
8.7220E+00 1.8557E-01
8.8240E+00 5.7308E-01
8.9840E+00 -INF
9.1170E+00 3.5734E-01
1.0711E+01 5.3229E-01
9.7290E+00 4.9268E-01
1.0747E+01 7.2188E-01
1.0108E+01 4.5492E-01
9.6020E+00 2.9217E-01
8.6990E+00 2.4713E-02
8.8430E+00 2.0264E-01
8.9800E+00 2.1806E-01
1.0957E+01 1.0295E+00
9.5570E+00 3.8010E-01
9.4120E+00 2.5662E-01
1.0554E+01 6.6535E-01
8.7690E+00 3.1042E-01
9.0510E+00 1.8678E-01
9.6410E+00 7.1058E-01
9.9550E+00 7.3228E-01
9.4740E+00 6.3390E-01
8.9270E+00 5.5111E-01
1.1056E+01 7.0776E-01
1.0858E+01 6.4308E-01
9.6230E+00 7.0879E-01
1.0512E+01 6.6227E-01
8.7730E+00 4.3889E-01
9.4290E+00 5.0724E-01
8.6320E+00 1.5451E-02
9.6580E+00 6.3304E-01
9.6340E+00 5.3415E-01
1.0829E+01 6.2731E-01
1.0147E+01 4.9476E-01
9.5220E+00 4.3561E-01
9.2970E+00 3.5746E-01
9.3860E+00 5.2704E-01
8.8160E+00 2.0589E-01
9.5680E+00 4.0288E-01
1.0034E+01 7.2391E-01
1.0013E+01 4.5468E-01
1.0687E+01 5.1881E-01
1.0986E+01 6.6945E-01
1.0224E+01 6.8089E-01
1.0202E+01 7.4612E-01
1.0358E+01 7.0519E-01
9.1350E+00 3.1752E-01
9.9040E+00 6.6020E-01
9.4010E+00 5.8380E-01
9.7580E+00 4.5561E-01
9.5210E+00 5.1494E-01
1.0274E+01 8.4853E-01
8.7460E+00 8.7144E-02
9.8420E+00 3.3620E-01
9.4390E+00 3.5317E-01
9.7490E+00 4.7616E-01
9.6670E+00 3.3395E-01
1.0110E+01 7.4157E-01
8.9710E+00 3.5101E-01
9.7670E+00 4.3106E-01
9.8820E+00 5.1626E-01
9.1240E+00 4.6436E-01
1.0084E+01 4.5147E-01
9.7640E+00 6.0890E-01
9.7610E+00 5.7270E-01
9.2830E+00 2.0593E-01
9.5560E+00 1.2976E-01
9.4360E+00 3.4888E-01
1.0492E+01 7.9530E-01
9.0420E+00 4.7399E-01
9.6950E+00 7.3348E-01
9.7690E+00 8.4081E-01
8.9810E+00 5.5418E-01
9.0810E+00 2.2326E-01
9.5720E+00 3.1184E-01
9.2940E+00 3.8285E-01
9.7120E+00 7.0465E-01
8.8720E+00 1.3304E-01
1.0934E+01 7.5071E-01
9.4490E+00 5.4635E-01
1.0180E+01 6.0193E-01
9.8180E+00 6.9121E-01
8.8740E+00 4.1467E-01
9.1230E+00 7.0722E-01
1.0399E+01 5.5793E-01
9.4240E+00 6.6445E-01
1.0583E+01 7.8631E-01
9.2110E+00 6.3824E-01
9.1630E+00 2.4691E-01
1.0635E+01 5.2943E-02
9.6490E+00 2.5913E-01
9.3480E+00 3.5778E-01
8.9350E+00 1.7658E-01
9.7400E+00 3.3501E-01
9.7150E+00 4.5604E-01
1.0722E+01 1.0614E+00
9.3400E+00 5.8546E-01
9.2490E+00 3.7225E-01
9.7930E+00 4.1306E-01
9.1940E+00 6.3619E-01
9.5160E+00 2.8040E-01
9.3950E+00 4.0984E-01
8.9900E+00 -INF
1.0725E+01 6.0508E-01
1.0175E+01 5.6886E-01
1.0505E+01 6.9018E-01
9.4640E+00 5.5493E-01
1.0156E+01 4.8065E-01
9.4350E+00 3.6312E-01
9.4990E+00 4.2703E-01
9.2100E+00 2.7364E-01
1.0654E+01 4.1228E-01
1.1034E+01 9.2473E-01
1.0135E+01 5.7993E-01
9.5570E+00 3.1471E-01
9.2440E+00 3.7518E-01
9.4740E+00 6.1484E-01
9.6750E+00 6.0876E-01
9.5030E+00 6.5099E-01
9.8630E+00 6.0147E-01
9.4010E+00 8.0225E-01
1.0501E+01 6.7539E-01
1.0536E+01 8.0164E-01
9.7070E+00 5.6730E-01
1.0011E+01 7.4458E-01
1.0073E+01 7.0602E-01
9.1160E+00 2.5745E-01
9.5600E+00 4.5537E-01
9.6550E+00 2.5754E-01
1.0559E+01 7.2752E-01
9.2180E+00 7.1365E-01
9.2150E+00 3.7382E-01
9.1890E+00 2.1265E-01
9.9030E+00 4.9819E-01
1.0176E+01 1.7134E-01
8.5920E+00 3.0036E-01
9.0560E+00 5.4287E-01
9.4080E+00 2.4257E-01
9.1600E+00 1.5011E-01
8.8220E+00 4.1897E-01
9.3760E+00 7.6571E-01
9.5700E+00 6.0682E-01
9.3530E+00 6.3738E-01
9.8510E+00 7.3375E-01
9.1710E+00 8.4656E-02
9.7350E+00 2.8649E-01
9.4900E+00 7.3781E-01
9.9660E+00 3.2506E-01
1.0553E+01 5.3499E-01
9.6320E+00 3.8026E-01
1.0300E+01 1.7543E-01
9.4010E+00 3.0267E-01
9.5610E+00 5.6169E-01
9.9540E+00 6.8336E-01
9.3310E+00 6.6699E-01
9.2370E+00 2.0510E-01
9.2640E+00 5.8464E-01
9.5690E+00 5.5865E-01
1.0132E+01 7.0535E-01
8.8350E+00 7.3018E-01
9.8650E+00 5.1201E-01
1.1150E+01 9.0174E-01
9.9190E+00 6.1837E-01
9.4150E+00 3.4425E-01
9.0630E+00 4.3658E-01
9.3060E+00 6.3918E-01
9.4040E+00 2.4522E-01
1.0262E+01 4.2105E-01
1.0016E+01 7.2514E-01
9.9010E+00 5.1114E-01
8.9730E+00 9.5922E-02
1.0082E+01 5.5404E-01
9.9510E+00 5.4121E-01
1.1251E+01 7.5932E-01
1.0196E+01 5.6171E-01
9.1420E+00 4.1211E-01
1.0203E+01 3.7694E-01
9.4710E+00 2.6400E-01
9.0910E+00 3.0089E-01
9.4630E+00 3.1238E-01
1.0287E+01 8.2880E-01
9.8020E+00 4.4045E-01
1.0041E+01 5.3939E-01
8.9940E+00 4.1734E-01
9.0290E+00 1.6360E-01
9.4480E+00 2.6146E-01
9.3070E+00 3.3568E-01
9.9110E+00 6.0271E-01
9.7000E+00 2.7642E-01
9.2100E+00 2.1934E-01
9.1520E+00 4.3981E-01
8.8110E+00 9.4545E-02
9.2850E+00 1.4651E-01
9.4690E+00 4.9111E-01
1.0385E+01 2.9821E-01
9.0250E+00 4.3190E-01
9.4590E+00 4.3508E-01
8.8970E+00 7.1317E-02
9.3720E+00 3.3441E-01
1.0068E+01 2.9478E-01
1.0136E+01 4.4236E-01
1.0011E+01 6.5629E-01
9.4280E+00 2.7053E-01
9.9900E+00 9.1024E-01
9.1050E+00 5.3452E-01
1.0004E+01 3.7448E-01
1.0363E+01 -2.7347E-01
8.7420E+00 6.6288E-01
1.0302E+01 8.4996E-01
9.2560E+00 5.1429E-01
9.4860E+00 7.8591E-01
1.0466E+01 1.7609E-01
1.0081E+01 6.7673E-01
9.3760E+00 6.0619E-01
1.0140E+01 3.9291E-01
9.0060E+00 5.0908E-02
9.4630E+00 5.7597E-01
1.0365E+01 6.2322E-01
9.8250E+00 1.8145E-01
9.8100E+00 2.1524E-01
9.3560E+00 1.2498E-01
9.3930E+00 5.9622E-01
9.5670E+00 2.9383E-01
1.0659E+01 6.9196E-01
9.2600E+00 3.1177E-01
9.9450E+00 3.8352E-01
8.8970E+00 5.4138E-01
1.0259E+01 5.2754E-01
1.0169E+01 6.6178E-01
1.0228E+01 4.2047E-01
9.7620E+00 5.1896E-01
9.0160E+00 2.0816E-01
1.1290E+01 7.8930E-01
8.7620E+00 2.5730E-01
1.0665E+01 7.3822E-01
1.0172E+01 4.9909E-01
1.0380E+01 6.1786E-01
1.0233E+01 3.8790E-01
9.4220E+00 2.4276E-01
1.0060E+01 5.2350E-01
9.9880E+00 6.6258E-01
8.9320E+00 1.7860E-01
1.0502E+01 3.9919E-01
1.0371E+01 7.0876E-01
1.1129E+01 7.1384E-01
9.4230E+00 5.5531E-01
9.6050E+00 5.2242E-01
1.0677E+01 8.5769E-01
9.6340E+00 7.6411E-01
8.8750E+00 3.4070E-01
1.1110E+01 5.3041E-01
9.9000E+00 4.9601E-01
1.0008E+01 3.1427E-01
9.4400E+00 5.2686E-01
1.0751E+01 4.8643E-01
9.8020E+00 2.9824E-01
1.0003E+01 6.5228E-01
1.0421E+01 7.5879E-01
1.0936E+01 6.6922E-01
9.6500E+00 5.2143E-01
9.9580E+00 3.5763E-01
9.1720E+00 4.2458E-01
9.2830E+00 2.6320E-01
9.5950E+00 2.1312E-01
1.0216E+01 4.1727E-01
9.9990E+00 6.3013E-01
9.9640E+00 5.1592E-01
9.0530E+00 3.9916E-01
1.0335E+01 3.8954E-01
8.7690E+00 9.6128E-02
1.0093E+01 3.1891E-01
9.3370E+00 7.8108E-01
9.3590E+00 3.6200E-01
9.0450E+00 3.3077E-01
1.0273E+01 4.4407E-01
8.8640E+00 5.1945E-01
9.1970E+00 3.7348E-01
9.4530E+00 3.0230E-01
9.9790E+00 6.7409E-01
1.0136E+01 4.2473E-01
9.9980E+00 5.8665E-01
9.0680E+00 5.4523E-01
1.0704E+01 7.0825E-01
9.1450E+00 4.8193E-01
9.8970E+00 5.9780E-01
9.8280E+00 5.4995E-01
9.5650E+00 5.0054E-01
1.0396E+01 7.8247E-01
1.0365E+01 7.2530E-01
9.6550E+00 2.5609E-01
9.7380E+00 4.3201E-01
1.1154E+01 4.8053E-01
8.9450E+00 5.0626E-01
1.1146E+01 5.9915E-01
1.0015E+01 5.8956E-01
8.5950E+00 2.4760E-01
9.4360E+00 4.5563E-01
1.1119E+01 8.6465E-01
9.6240E+00 2.0525E-01
9.6740E+00 3.2757E-01
1.0420E+01 4.2032E-01
1.0108E+01 4.9700E-01
9.2220E+00 4.5497E-01
9.3790E+00 8.0697E-02
9.2530E+00 5.5556E-01
9.5640E+00 7.6819E-01
9.3020E+00 2.4018E-01
9.8120E+00 5.8915E-01
9.4910E+00 3.4256E-01
1.0328E+01 6.7826E-01
1.0595E+01 4.9938E-01
9.9440E+00 2.3010E-01
1.0369E+01 4.7230E-01
1.1002E+01 5.7917E-01
9.9060E+00 7.8888E-01
8.8480E+00 3.9706E-01
9.4750E+00 6.3419E-01
9.8460E+00 4.7347E-01
9.4280E+00 5.9219E-01
9.9160E+00 3.8171E-01
9.1560E+00 2.1467E-01
9.8720E+00 4.8722E-01
9.2430E+00 4.1944E-01
1.0047E+01 3.7159E-01
1.0192E+01 5.8697E-01
9.8170E+00 3.7027E-01
9.6900E+00 5.4698E-01
1.1043E+01 7.0776E-01
9.2970E+00 5.7523E-01
9.4270E+00 6.7886E-01
9.9520E+00 9.1870E-01
1.0759E+01 4.1100E-01
9.3180E+00 2.6798E-01
8.8950E+00 1.7902E-01
1.1320E+01 6.8784E-01
1.0292E+01 5.7926E-01
9.8600E+00 6.1221E-01
1.0826E+01 9.4256E-01
9.5450E+00 5.4089E-01
1.0156E+01 4.3552E-01
9.5110E+00 3.8396E-01
8.4050E+00 5.4376E-01
8.8770E+00 6.2252E-01
9.6270E+00 6.9848E-01
1.0548E+01 6.9622E-01
9.7920E+00 7.4764E-01
9.4190E+00 5.0357E-01
1.0323E+01 5.6986E-01
9.1930E+00 2.5505E-01
9.2240E+00 2.0319E-01
1.0273E+01 4.8209E-01
1.0355E+01 4.4806E-01
9.4930E+00 4.3533E-01
1.0163E+01 4.1005E-01
1.0870E+01 9.4278E-01
9.4400E+00 6.0606E-01
9.5090E+00 7.7864E-01
1.0662E+01 5.0155E-01
1.0568E+01 4.2516E-01
1.0574E+01 8.1414E-01
9.2600E+00 4.4586E-01
1.0747E+01 5.8016E-01
1.0090E+01 3.6473E-01
9.6810E+00 3.9735E-01
9.7230E+00 1.6396E-01
1.0354E+01 5.2430E-01
1.1487E+01 1.1644E+00
9.2400E+00 3.9067E-01
1.0730E+01 5.1624E-01
9.3340E+00 7.9297E-02
0.0000E+00 1.0335E+00
1.0041E+01 5.9516E-01
9.6380E+00 7.4540E-01
8.8200E+00 1.8170E-01
9.5040E+00 3.4959E-01
9.6950E+00 4.9017E-01
9.3050E+00 5.6383E-01
1.0048E+01 6.0218E-01
9.9500E+00 5.0178E-01
9.6280E+00 5.6827E-01
1.0705E+01 6.4527E-01
9.3670E+00 3.9702E-01
8.5780E+00 8.8375E-01
1.0159E+01 6.8769E-01
1.0071E+01 7.3999E-01
1.0814E+01 7.9967E-01
9.3440E+00 2.0113E-01
1.0001E+01 3.8904E-01
1.0182E+01 4.2173E-01
9.4370E+00 1.8198E-01
1.0009E+01 2.7442E-01
1.0254E+01 5.1967E-01
1.0182E+01 7.9345E-01
1.0334E+01 6.1099E-01
1.1438E+01 7.4078E-01
9.5780E+00 8.2715E-01
1.0314E+01 4.7593E-01
1.0505E+01 6.1967E-01
9.4330E+00 7.1112E-01
1.0181E+01 4.4531E-01
9.0230E+00 5.4426E-01
9.3360E+00 3.8811E-01
1.0003E+01 7.7487E-01
1.0046E+01 7.1415E-01
9.9640E+00 8.5263E-01
1.0152E+01 3.5104E-01
9.2850E+00 4.7304E-01
1.0714E+01 4.7389E-01
1.0673E+01 2.7511E-01
1.0131E+01 7.8097E-01
9.6360E+00 3.7160E-01
9.6230E+00 6.8647E-01
1.0402E+01 4.5371E-01
1.0436E+01 5.4855E-01
9.4950E+00 4.1602E-01
9.6280E+00 3.1708E-01
9.4910E+00 5.1098E-01
8.8400E+00 3.8202E-01
1.0109E+01 7.7954E-01
8.8390E+00 6.6385E-01
9.7280E+00 7.0884E-01
9.4320E+00 1.4817E-01
9.6100E+00 3.0556E-01
9.5930E+00 6.1643E-01
1.0450E+01 5.5931E-01
8.8930E+00 2.8562E-01
9.9210E+00 5.6242E-01
9.1280E+00 2.3642E-01
1.0053E+01 4.0358E-01
9.7010E+00 4.9358E-01
9.4650E+00 4.6321E-01
9.1980E+00 2.4132E-01
9.5730E+00 2.3347E-01
1.1136E+01 5.1601E-01
1.0529E+01 6.9391E-01
9.4930E+00 3.4556E-01
9.7390E+00 4.6863E-01
1.0443E+01 2.5782E-01
8.9100E+00 5.1140E-01
9.4390E+00 6.2004E-01
8.9920E+00 5.2592E-01
1.0806E+01 7.6719E-01
9.6070E+00 6.4670E-01
9.1790E+00 1.9517E-01
9.0490E+00 2.5801E-01
1.0144E+01 7.4007E-01
1.0012E+01 2.7719E-01
1.0248E+01 5.7128E-01
1.0807E+01 5.8277E-01
1.0547E+01 6.7559E-01
9.5700E+00 3.6556E-01
9.6790E+00 6.4395E-01
9.7590E+00 6.1885E-01
1.0129E+01 5.4369E-01
9.9040E+00 8.3823E-01
8.0300E+00 4.7859E-01
9.3580E+00 2.7861E-01
9.3070E+00 4.5174E-01
1.1158E+01 9.3139E-01
9.1090E+00 3.5241E-01
9.6040E+00 6.6883E-01
1.0466E+01 9.0244E-01
9.4420E+00 2.9107E-01
1.1227E+01 6.8985E-01
8.9380E+00 6.9842E-01
9.2430E+00 7.1256E-01
9.3600E+00 6.0446E-01
1.0815E+01 5.8103E-01
8.9600E+00 4.6680E-01
1.0494E+01 3.6953E-01
9.4250E+00 5.0853E-01
1.1107E+01 7.1332E-01
1.0916E+01 6.6375E-01
9.8750E+00 4.5461E-01
9.4650E+00 1.9619E-01
1.0861E+01 9.8906E-01
1.0679E+01 7.2726E-01
9.6790E+00 5.2692E-01
9.8550E+00 7.1441E-01
9.2810E+00 2.3327E-01
9.9500E+00 6.6619E-01
9.1070E+00 4.2121E-01
1.0461E+01 3.7921E-01
9.5510E+00 7.2843E-01
1.0286E+01 5.7040E-01
1.0832E+01 8.7134E-01
1.0172E+01 2.0258E+00
1.0988E+01 6.3849E-01
1.0536E+01 5.0298E-01
1.1163E+01 8.4147E-01
8.5980E+00 4.9816E-01
9.3400E+00 5.5418E-01
9.4540E+00 3.4177E-01
1.0424E+01 8.1682E-01
9.5560E+00 4.3037E-01
9.3180E+00 4.0087E-01
1.0603E+01 7.7863E-01
9.3190E+00 6.2960E-01
9.1310E+00 3.2122E-01
9.1330E+00 4.0358E-01
9.2500E+00 5.8989E-01
1.0435E+01 4.2328E-01
9.7040E+00 8.7711E-01
1.0353E+01 6.1818E-01
9.3880E+00 3.8270E-01
1.0065E+01 4.1744E-01
1.0812E+01 6.9329E-01
1.0218E+01 4.9234E-01
1.0127E+01 4.2831E-01
9.2950E+00 4.8127E-01
1.0832E+01 7.0085E-01
9.3690E+00 3.9659E-01
1.0259E+01 7.5774E-01
1.0058E+01 7.3533E-01
9.6040E+00 3.7374E-01
1.1040E+01 6.3535E-01
9.7460E+00 4.7432E-01
1.0083E+01 2.8460E-01
9.3740E+00 2.7672E-01
9.3730E+00 3.7330E-01
1.0369E+01 6.5710E-01
1.0215E+01 9.4250E-01
9.2840E+00 2.5749E-01
9.2320E+00 6.9710E-01
8.9070E+00 2.6603E-01
8.1680E+00 6.8136E-01
9.4540E+00 7.5972E-01
1.1091E+01 7.0063E-01
9.1840E+00 3.3267E-01
9.3220E+00 3.8397E-01
9.9980E+00 4.9099E-01
9.3600E+00 3.2142E-01
1.0405E+01 6.9092E-01
8.6380E+00 1.9093E-01
9.8940E+00 6.5382E-01
1.0981E+01 7.6952E-01
1.1107E+01 9.9643E-01
1.1041E+01 5.8066E-01
9.1230E+00 1.8765E-01
8.9340E+00 4.3420E-01
1.0450E+01 6.6484E-01
9.1720E+00 6.5856E-01
9.1020E+00 3.0053E-01
1.0925E+01 7.0632E-01
9.1160E+00 4.8237E-01
1.1098E+01 1.2652E+00
1.1592E+01 8.8930E-01
9.6040E+00 4.2776E-01
1.1022E+01 7.5922E-01
9.1570E+00 2.7290E-01
1.0014E+01 2.2754E-01
1.0554E+01 9.6906E-01
1.0398E+01 9.7228E-01
1.0687E+01 7.9872E-01
9.5870E+00 3.2809E-01
1.1038E+01 7.2329E-01
9.0750E+00 5.7447E-01
8.9460E+00 2.2464E-01
9.9800E+00 3.0242E-01
9.0890E+00 2.2513E-01
9.9900E+00 4.0984E-01
9.5390E+00 2.7283E-01
9.0240E+00 2.0909E-01
9.2050E+00 3.0993E-01
9.6680E+00 3.7029E-01
9.3620E+00 3.2712E-01
7.8880E+00 7.7385E-02
1.0558E+01 5.0018E-01
1.0429E+01 2.1491E-01
9.7510E+00 2.6090E-01
1.1271E+01 7.2521E-01
1.0239E+01 3.8516E-01
1.0850E+01 5.8591E-01
9.3130E+00 2.4161E-01
9.8500E+00 6.5718E-01
9.0750E+00 3.1113E-01
8.6670E+00 6.0988E-01
9.2000E+00 5.9338E-01
1.0554E+01 8.4312E-01
9.2530E+00 2.8303E-01
8.5070E+00 4.4474E-01
1.0841E+01 3.9078E-01
1.0088E+01 1.0230E+00
9.0300E+00 5.4125E-01
9.5700E+00 6.1890E-01
9.9720E+00 4.0351E-01
1.0414E+01 2.3212E-01
9.2190E+00 1.1933E-01
1.0599E+01 7.6308E-01
8.6870E+00 5.0154E-01
9.1520E+00 3.6258E-01
9.2470E+00 7.2687E-01
9.1330E+00 2.2277E-01
9.3050E+00 5.7236E-01
8.9920E+00 4.9066E-01
9.7460E+00 4.7553E-01
8.8580E+00 4.5281E-01
9.1760E+00 3.6851E-01
1.0043E+01 6.2108E-01
9.7180E+00 6.1716E-01
8.9840E+00 2.2078E-01
1.0634E+01 4.4263E-01
1.0189E+01 4.2080E-01
1.0816E+01 6.9518E-01
9.3180E+00 2.1945E-01
9.3100E+00 2.6429E-01
1.0095E+01 4.0311E-01
8.6220E+00 6.1000E-01
1.1379E+01 8.2724E-01
9.3720E+00 2.2374E-01
1.0581E+01 7.6646E-01
9.2190E+00 4.4315E-01
9.2430E+00 4.4184E-01
1.0390E+01 4.3756E-01
9.7340E+00 8.1166E-01
9.3900E+00 7.6801E-01
1.0615E+01 5.1020E-01
9.4980E+00 1.4546E-01
1.0015E+01 2.5621E-01
1.0842E+01 7.0949E-01
9.7230E+00 4.1015E-01
1.0386E+01 5.2532E-01
9.3120E+00 1.9129E-01
8.7350E+00 5.3810E-01
9.6970E+00 5.3349E-01
1.0852E+01 6.7332E-01
1.1119E+01 1.2672E+00
9.4740E+00 4.4360E-01
8.9080E+00 4.7867E-01
1.0107E+01 4.0319E-01
1.1422E+01 7.6751E-01
1.0607E+01 3.5448E-01
1.1358E+01 6.9334E-01
1.0125E+01 4.9655E-01
9.5020E+00 3.7257E-01
1.0182E+01 2.7469E-01
1.0847E+01 5.7561E-01
1.0688E+01 7.9031E-01
1.0593E+01 7.6072E-01
1.0014E+01 6.1350E-01
8.8820E+00 5.1484E-01
9.3370E+00 5.0171E-01
1.0445E+01 8.5489E-01
1.0545E+01 3.9760E-01
9.5240E+00 4.4417E-01
1.0188E+01 2.5653E-01
8.9820E+00 4.1121E-01
9.5260E+00 2.6502E-01
1.0218E+01 9.7603E-01
8.1860E+00 3.4841E-01
9.9360E+00 4.6823E-01
1.0443E+01 7.5196E-01
1.0110E+01 5.0650E-01
8.6350E+00 2.5306E-01
1.0261E+01 5.0858E-01
1.0656E+01 6.3512E-01
1.0984E+01 8.2418E-01
9.3720E+00 5.7917E-01
9.4530E+00 4.1361E-01
1.0930E+01 4.9902E-01
1.1176E+01 7.2344E-01
1.0412E+01 3.6904E-01
1.0100E+01 4.6838E-01
1.0534E+01 5.9519E-01
9.8870E+00 4.2626E-01
9.0540E+00 4.8758E-01
1.1064E+01 7.8920E-01
8.9850E+00 2.0278E-01
7.8470E+00 1.3757E-01
1.0555E+01 3.4037E-01
9.2600E+00 4.5993E-01
9.2140E+00 4.5172E-01
8.4390E+00 4.1852E-01
1.0163E+01 8.4517E-01
1.0905E+01 5.8449E-01
9.2160E+00 4.0305E-01
1.0023E+01 4.4665E-01
9.2960E+00 2.0162E-01
9.5290E+00 5.3277E-01
9.1780E+00 3.2137E-01
9.8250E+00 3.5595E-01
9.3350E+00 -2.0582E-01
1.0337E+01 8.4857E-01
1.0245E+01 5.7927E-01
9.7870E+00 2.8716E-01
1.0607E+01 7.7708E-01
1.0346E+01 7.6741E-01
9.9510E+00 6.7086E-01
1.0701E+01 8.7524E-01
9.0750E+00 1.5290E-01
1.0418E+01 5.4823E-01
1.0581E+01 6.9561E-01
1.0514E+01 3.9058E-01
1.0166E+01 3.2371E-01
9.7250E+00 6.0194E-01
1.0933E+01 5.4025E-01
1.0987E+01 5.6802E-01
9.4520E+00 3.6074E-01
1.0981E+01 7.0512E-01
1.0450E+01 5.7599E-01
9.5120E+00 6.4057E-01
9.5210E+00 5.0637E-01
9.8360E+00 3.5499E-01
1.0129E+01 6.7688E-01
9.8220E+00 4.7830E-01
1.0709E+01 5.8299E-01
9.7410E+00 3.9643E-01
9.8700E+00 8.8534E-01
1.0996E+01 8.7104E-01
8.6930E+00 1.9000E-01
9.3710E+00 4.5555E-01
1.0466E+01 6.5488E-01
1.0264E+01 6.5443E-01
9.3260E+00 2.7549E-01
9.9970E+00 8.1593E-01
9.9600E+00 5.0293E-01
9.6730E+00 6.5834E-01
9.3180E+00 5.7024E-01
8.9840E+00 2.0737E-01
9.5020E+00 7.3975E-01
1.0353E+01 7.6682E-01
1.0174E+01 4.2749E-01
1.0065E+01 6.4483E-01
1.0138E+01 5.6192E-01
1.0362E+01 9.2450E-01
1.0531E+01 3.9585E-01
1.0217E+01 6.5182E-01
9.7810E+00 2.8925E-01
8.0560E+00 4.2565E-01
9.0410E+00 8.1673E-01
9.1330E+00 2.2581E-01
9.6250E+00 3.0540E-01
1.0998E+01 8.0784E-01
1.0135E+01 5.9489E-01
9.6590E+00 5.7813E-01
9.3820E+00 4.1446E-01
9.5770E+00 3.1481E-01
1.0614E+01 7.8419E-01
9.6700E+00 5.1271E-01
9.6130E+00 2.9329E-01
9.8650E+00 7.0700E-01
9.6750E+00 8.2305E-01
