# ShibuyaData>	col 0: Mass	col 1: Size	Between redshifts 2.5 and 3.0
9.4030E+00 -3.2769E-02
9.9830E+00 3.8181E-01
9.6730E+00 -3.2547E-01
1.0043E+01 -1.3094E-01
9.4030E+00 3.1295E-02
9.6130E+00 7.7136E-03
9.6030E+00 -1.5093E-01
9.0230E+00 -6.6481E-02
9.6030E+00 7.9868E-02
9.2530E+00 -1.1339E-01
9.5030E+00 -1.3874E-01
9.3730E+00 2.4091E-02
9.1730E+00 -2.4939E-01
9.8930E+00 4.5585E-01
9.2430E+00 -3.8515E-01
9.7830E+00 1.2241E+00
8.8630E+00 -2.7891E-01
8.8830E+00 -4.6512E-02
9.6230E+00 3.7067E-01
1.0253E+01 8.6505E-01
9.0730E+00 -1.0902E-01
9.8530E+00 2.7875E-01
9.5030E+00 2.6406E-01
9.2530E+00 3.3894E-02
9.2330E+00 -8.3519E-02
9.1830E+00 -4.3586E-01
9.7730E+00 2.3767E-02
9.7330E+00 6.0966E-02
9.8430E+00 -5.2812E-01
9.3730E+00 2.0798E-01
9.3330E+00 2.7938E-01
9.5130E+00 -1.0750E-01
1.0153E+01 -2.5000E-01
1.0063E+01 3.0119E-01
9.1430E+00 -1.8518E-01
1.0113E+01 -2.2603E-01
9.2830E+00 -1.5814E-01
9.5930E+00 5.9893E-02
9.4130E+00 -4.8118E-01
9.5630E+00 1.4805E+00
9.3030E+00 -8.2001E-02
9.5230E+00 -4.1802E-01
9.2630E+00 2.0572E-01
1.0103E+01 -4.8381E-01
8.9330E+00 -2.0415E-01
9.5330E+00 -1.0372E-01
9.2630E+00 -4.2507E-02
9.3330E+00 -8.5052E-01
9.0530E+00 -1.9985E-01
9.5630E+00 4.7481E-02
9.9030E+00 8.8912E-02
8.9230E+00 -2.1788E-01
9.0030E+00 -2.3553E-01
9.4630E+00 9.6089E-02
9.2330E+00 -1.5087E-01
9.4730E+00 -1.2232E-01
9.5430E+00 -4.4333E-01
8.9430E+00 6.8569E-01
9.7530E+00 2.6501E-02
9.2530E+00 -6.4247E-01
9.8630E+00 1.7380E-03
9.7530E+00 -6.8934E-01
9.8330E+00 2.0917E-01
9.5930E+00 -9.9232E-02
9.0130E+00 1.6576E-01
8.8130E+00 5.0656E-01
9.6130E+00 -1.1248E-01
9.7830E+00 -6.1705E-01
9.9230E+00 5.7802E-01
1.0193E+01 -7.3439E-01
9.6230E+00 1.0815E-01
9.3430E+00 -2.0060E-01
9.8630E+00 3.6801E-02
9.1830E+00 -1.8209E-01
9.0530E+00 -7.4519E-02
9.5430E+00 -4.6166E-01
9.0530E+00 5.1199E-02
8.8930E+00 -6.0738E-01
1.0293E+01 -8.1359E-01
9.2930E+00 -4.4103E-01
1.0033E+01 -9.2588E-02
9.9730E+00 4.4517E-01
8.8330E+00 1.8418E-01
1.0073E+01 -1.2023E-01
9.0530E+00 3.0583E-01
9.5130E+00 -8.5213E-02
9.8730E+00 5.8908E-01
1.0013E+01 1.2681E-01
1.0893E+01 1.1354E+00
9.1030E+00 -4.2000E-01
8.9830E+00 2.1592E-01
9.2930E+00 -2.1464E-01
9.3830E+00 9.9846E-02
9.0830E+00 -1.2163E-01
9.3230E+00 -4.5591E-01
9.3530E+00 2.3428E-01
1.0413E+01 5.8065E-01
9.2630E+00 -3.3129E-02
9.8730E+00 7.8617E-01
9.9430E+00 -8.6833E-02
8.9630E+00 -7.8559E-01
8.8830E+00 -2.6063E-01
1.0073E+01 -1.0641E-02
9.6830E+00 7.9149E-02
9.4530E+00 -8.0849E-02
9.1730E+00 7.9781E-03
9.2430E+00 -3.6360E-01
1.0223E+01 1.2974E+00
9.5130E+00 -3.0095E-01
9.4130E+00 -1.1837E-01
1.0033E+01 1.4541E+00
9.6530E+00 -7.6710E-02
9.0530E+00 -1.5582E-01
9.7230E+00 -1.0007E+00
9.0830E+00 -9.2990E-02
9.7930E+00 -1.2090E-01
1.1343E+01 1.4359E+00
1.0413E+01 2.8489E-01
9.5330E+00 -2.0027E-02
9.5730E+00 -7.4718E-02
9.9930E+00 7.5003E-03
1.0033E+01 4.7822E-01
9.6130E+00 -2.3729E-02
9.6630E+00 3.2674E-01
1.1043E+01 7.3210E-01
9.7030E+00 8.3544E-01
9.6630E+00 -3.7077E-02
8.9130E+00 -7.6040E-01
1.0013E+01 5.2846E-01
9.5030E+00 -3.2484E-02
9.2430E+00 -2.6131E-01
1.0003E+01 5.3305E-02
9.9430E+00 9.1188E-02
9.1230E+00 -3.6474E-01
9.2530E+00 -9.3997E-02
9.5530E+00 -2.7943E-02
1.0003E+01 2.3487E-02
9.2730E+00 2.0799E-01
9.7030E+00 -2.2053E-01
9.8230E+00 -2.3047E-01
9.3830E+00 1.1761E-01
9.6930E+00 4.1823E-02
1.0113E+01 2.3287E-01
1.0003E+01 -5.8798E-02
8.8530E+00 -6.2000E-01
9.2830E+00 -2.2022E-01
1.0973E+01 -5.4532E-02
9.2030E+00 4.7614E-01
9.5130E+00 1.7738E-01
9.7430E+00 -5.6464E-01
9.2930E+00 -3.5141E-01
9.1030E+00 -3.7152E-02
9.4330E+00 1.6222E-01
8.7930E+00 -3.6482E-01
1.0073E+01 1.9172E-01
9.1430E+00 -5.6924E-02
9.7230E+00 -3.0643E-01
1.0523E+01 6.3305E-01
9.2130E+00 7.7354E-01
9.2430E+00 1.9521E-01
8.9330E+00 -2.1316E-01
9.9630E+00 1.3326E-02
9.0430E+00 -8.8006E-02
1.0053E+01 -6.6275E-01
9.2530E+00 2.1729E-01
9.6530E+00 1.4894E-01
9.2830E+00 4.8273E-01
9.1230E+00 -1.0775E-01
9.7730E+00 3.1886E-01
1.1063E+01 -2.3520E-01
9.6430E+00 -1.1469E-01
9.2030E+00 3.3889E-01
9.9030E+00 -7.9579E-02
9.9530E+00 -1.9303E-01
9.7030E+00 1.1460E-01
9.5630E+00 -2.1975E-01
9.7230E+00 -6.3536E-01
9.3230E+00 -1.3959E-01
9.9630E+00 -2.9344E-02
9.3630E+00 -5.2437E-02
9.6830E+00 2.6460E-01
1.0113E+01 5.6745E-02
9.8330E+00 2.6535E-01
8.9530E+00 2.4278E-01
9.5730E+00 1.4628E-01
8.9030E+00 -7.6087E-02
9.5730E+00 -3.4876E-01
9.7930E+00 2.7956E-01
1.0373E+01 3.4396E-01
9.9330E+00 3.2896E-01
8.9830E+00 -4.5908E-01
8.8330E+00 5.6756E-02
1.0183E+01 4.8520E-01
9.3830E+00 -3.6776E-01
9.2230E+00 -1.8987E-01
9.6830E+00 1.5634E-01
9.4030E+00 4.3531E-01
1.0203E+01 -2.3874E-02
9.1730E+00 -1.7819E-01
9.1630E+00 2.4154E-01
9.8130E+00 -5.8661E-01
9.3130E+00 -1.1825E-01
9.4930E+00 3.1192E-01
9.4730E+00 2.1045E-02
1.0453E+01 2.5325E-01
9.5930E+00 -4.3146E-01
9.0030E+00 2.6860E-02
8.9430E+00 -2.3564E-01
9.4130E+00 -2.0112E-01
9.0430E+00 -3.6741E-01
9.4530E+00 -4.7098E-01
9.5030E+00 -2.2877E-01
9.1830E+00 1.9947E-02
9.5730E+00 6.0928E-02
8.9430E+00 1.0558E+00
9.2230E+00 -2.0724E-01
8.8830E+00 1.3293E-01
9.5730E+00 9.5302E-02
9.5130E+00 -4.4767E-01
9.4530E+00 8.2211E-03
9.5630E+00 1.5901E-01
8.9230E+00 7.2761E-02
1.0393E+01 5.4147E-01
9.6330E+00 -9.0075E-03
8.9630E+00 3.7303E-01
8.9030E+00 -6.3975E-02
9.6130E+00 9.4482E-02
1.0113E+01 2.0464E-01
1.0463E+01 3.4109E-01
9.5230E+00 -9.8042E-03
9.0130E+00 2.8432E-01
9.5430E+00 8.0879E-02
9.7730E+00 -3.6532E-01
8.9630E+00 -9.1099E-02
9.4230E+00 -1.3139E-01
9.2830E+00 -1.5454E-01
9.2230E+00 -6.1334E-01
9.4930E+00 1.1849E-02
9.3530E+00 1.0414E+00
9.0930E+00 -3.3704E-01
9.6830E+00 2.2386E-01
9.1730E+00 -6.2819E-02
9.8630E+00 9.1431E-02
8.9930E+00 -3.3407E-01
9.7430E+00 7.8029E-02
8.9330E+00 -3.8157E-02
9.7730E+00 2.6684E-01
9.9230E+00 2.1960E-01
9.4430E+00 -3.2779E-01
9.3730E+00 -2.2141E-01
8.8430E+00 -1.2484E-01
9.8530E+00 -2.0462E-01
9.5330E+00 6.9546E-01
1.0363E+01 4.2903E-01
9.5030E+00 2.9950E-03
9.7130E+00 -1.2262E-01
1.0203E+01 4.8142E-01
9.4130E+00 -5.7196E-01
9.5330E+00 6.4716E-02
9.7030E+00 1.0194E-02
9.5730E+00 -5.4640E-02
9.3330E+00 -4.1948E-01
1.0113E+01 -4.8993E-02
9.7230E+00 1.5879E-01
9.1830E+00 1.2220E-01
9.8530E+00 3.7719E-01
8.9530E+00 1.9863E-01
9.8530E+00 -4.4735E-01
1.0073E+01 1.2377E-01
8.7930E+00 -1.5796E-01
9.6530E+00 3.0450E-01
9.4730E+00 -2.1779E-01
9.4030E+00 -1.0261E-01
9.6530E+00 1.6703E-02
9.0130E+00 -5.2267E-01
9.9330E+00 -2.2782E-01
9.8230E+00 8.7533E-02
8.8430E+00 -3.9713E-01
9.6630E+00 1.1197E-01
9.1930E+00 1.9360E-01
9.0030E+00 -1.0306E-01
1.0413E+01 3.8572E-02
9.1330E+00 1.6896E-01
9.4130E+00 1.0105E-01
9.6130E+00 -2.9408E-01
9.8530E+00 1.2412E-01
9.0030E+00 -1.2673E-01
1.0513E+01 -1.4001E-01
9.1630E+00 2.4515E-01
9.4930E+00 1.9284E-01
8.8230E+00 6.8843E-01
9.7030E+00 2.7182E-01
1.0043E+01 6.6158E-03
9.6130E+00 9.0276E-02
8.8630E+00 3.3488E-01
9.3730E+00 -1.4307E-01
9.0330E+00 2.1401E-01
9.0930E+00 -5.2326E-01
9.5730E+00 -9.3564E-02
9.6330E+00 6.4871E-01
9.1130E+00 -1.9581E-01
9.8030E+00 3.2970E-01
9.3730E+00 -3.2156E-01
9.5530E+00 4.7729E-01
9.1230E+00 -4.7047E-01
9.1730E+00 1.6519E-01
1.0163E+01 1.2511E-01
9.0430E+00 -3.8198E-01
9.8830E+00 -3.1989E-02
9.5530E+00 -8.0094E-01
9.3430E+00 -3.5463E-01
1.0233E+01 9.0070E-01
9.1730E+00 -5.6333E-01
9.9530E+00 1.3123E-01
9.6230E+00 3.7668E-01
9.3530E+00 -3.7483E-01
9.0630E+00 1.5742E-01
8.8230E+00 -2.3189E-01
1.0123E+01 4.5542E-01
9.5030E+00 -3.0886E-01
1.0243E+01 2.5331E-01
9.2830E+00 -7.2741E-02
9.9230E+00 -2.1804E-02
9.4830E+00 2.6989E-01
9.4230E+00 -6.6720E-01
9.8030E+00 4.3869E-02
9.4630E+00 -3.6289E-01
9.4030E+00 -2.2955E-01
9.5030E+00 -5.7796E-02
9.6930E+00 -2.5679E-01
1.1183E+01 3.6966E-01
9.6030E+00 9.4041E-03
9.0530E+00 -3.6708E-01
9.4930E+00 7.0762E-02
8.9730E+00 5.7438E-02
9.7230E+00 1.6915E+00
1.0293E+01 5.6344E-01
9.5630E+00 -2.8865E-01
9.2730E+00 -1.8885E-01
9.1830E+00 -2.2109E-01
9.3530E+00 -3.4628E-02
9.6330E+00 6.3796E-01
9.9130E+00 -2.8738E-01
9.4630E+00 1.7314E-01
1.0143E+01 8.4144E-02
9.7230E+00 2.5863E-02
9.4830E+00 -1.5201E-01
9.5030E+00 1.5250E-01
9.4830E+00 -2.7043E-01
9.1230E+00 3.7780E-01
1.0093E+01 1.2065E-01
1.0573E+01 3.8870E-01
9.9230E+00 -1.4506E-01
9.1230E+00 -2.1120E-01
9.4230E+00 -1.4300E-01
9.3930E+00 -1.6872E-01
9.4930E+00 -4.7301E-01
9.8230E+00 7.2845E-02
9.5130E+00 -6.2410E-02
9.7230E+00 -2.7187E-01
8.9530E+00 -1.1920E-01
9.5430E+00 2.6815E-01
8.8230E+00 9.6921E-01
8.9230E+00 -9.9248E-02
1.0603E+01 2.1659E-01
8.9330E+00 2.3220E-01
9.8830E+00 -6.6101E-03
1.0033E+01 -1.1202E-01
9.0830E+00 -6.0725E-02
9.5330E+00 9.2819E-02
9.8030E+00 -1.9123E-01
9.6030E+00 1.1571E-01
1.0373E+01 1.9127E-01
9.7930E+00 -1.5896E-01
9.7630E+00 5.7762E-01
9.7830E+00 -5.3161E-01
1.0273E+01 4.8277E-01
1.0003E+01 1.2398E-01
9.2430E+00 1.5372E-02
9.5930E+00 7.6852E-01
9.4630E+00 3.9803E-01
9.5830E+00 -1.2627E-01
9.2030E+00 8.5816E-01
8.9630E+00 -5.6409E-02
8.9930E+00 -5.7435E-01
8.8730E+00 2.6018E-02
9.4030E+00 -3.0144E-01
9.1130E+00 -9.9949E-02
9.0930E+00 1.0584E-01
1.0083E+01 8.2401E-02
9.5530E+00 -3.9114E-01
9.1730E+00 -3.0729E-01
9.1630E+00 4.7930E-01
9.1430E+00 -2.6429E-01
9.6130E+00 -3.5671E-02
9.5430E+00 6.4222E-02
9.6730E+00 5.7012E-02
9.3730E+00 -1.7019E-01
9.2230E+00 -8.9138E-01
9.5030E+00 -9.3316E-02
1.0543E+01 -1.7482E-01
9.7230E+00 1.4427E-01
9.3430E+00 1.7549E-01
9.2930E+00 -5.2215E-01
9.9830E+00 8.0735E-02
9.9530E+00 -1.7498E-02
9.1030E+00 -2.2365E-01
9.6630E+00 1.8596E-01
9.4530E+00 -1.7344E-01
1.0233E+01 1.7830E-01
1.0353E+01 5.2100E-01
9.4430E+00 -5.0808E-01
9.4930E+00 1.0045E+00
9.5230E+00 2.7740E-01
1.0113E+01 1.6702E-01
9.5830E+00 -1.2665E-01
8.9230E+00 -3.5948E-01
9.7030E+00 -3.9978E-02
9.4330E+00 3.6562E-01
8.7930E+00 -1.3397E-01
1.0093E+01 1.6076E+00
9.4030E+00 -5.0178E-01
9.0130E+00 -1.4353E-01
1.0053E+01 3.7833E-02
8.9230E+00 -8.0985E-04
9.4930E+00 -5.8257E-01
8.8530E+00 1.2534E-01
9.9230E+00 2.3537E-01
9.6530E+00 3.9981E-01
9.9430E+00 1.1098E-01
1.0213E+01 9.2848E-01
9.4430E+00 6.7037E-02
9.1530E+00 -3.4240E-01
8.9130E+00 -3.4583E-01
9.5130E+00 -1.5707E-01
9.1030E+00 1.0491E+00
8.8630E+00 1.1883E+00
9.6430E+00 -1.1076E-01
1.0083E+01 6.4543E-01
8.9030E+00 -5.2936E-01
1.0133E+01 2.9973E-01
9.2230E+00 6.1898E-01
8.9330E+00 4.2206E-01
9.7430E+00 -5.0001E-01
9.4530E+00 -9.2616E-02
9.3330E+00 1.3960E-01
1.0033E+01 2.6494E-01
9.5630E+00 1.1804E-01
1.0103E+01 4.5091E-01
1.0193E+01 4.8378E-01
9.8830E+00 2.2993E-02
9.4930E+00 -3.4176E-01
9.6730E+00 7.7379E-01
8.9030E+00 -3.1481E-01
8.8730E+00 3.2885E-01
9.7830E+00 7.6567E-01
9.1230E+00 1.4163E-01
1.0313E+01 2.0508E+00
9.4030E+00 -3.2742E-01
1.0133E+01 1.5228E-01
9.2530E+00 2.3483E-01
9.7130E+00 7.4795E-02
9.6830E+00 8.1886E-01
8.9130E+00 3.8813E-01
9.6330E+00 9.1139E-02
9.5430E+00 2.1459E-01
9.5330E+00 2.4757E-02
9.2030E+00 -2.9617E-01
9.1230E+00 -4.4125E-01
9.5030E+00 3.6765E-02
9.3630E+00 3.6353E-01
9.6030E+00 5.6519E-01
9.5930E+00 1.2234E-02
9.0630E+00 1.1586E-01
9.4930E+00 1.1753E-01
9.3030E+00 -5.0986E-02
9.2230E+00 6.6770E-01
8.8530E+00 -3.7474E-02
9.4930E+00 -2.4961E-01
9.5930E+00 -3.5416E-01
9.4330E+00 -3.3729E-01
1.0293E+01 -5.8398E-01
9.4330E+00 -5.2863E-01
9.0730E+00 -1.3292E-01
9.5830E+00 -1.1166E-01
9.2430E+00 8.9368E-02
1.0083E+01 1.9708E-01
9.7030E+00 3.6708E-01
9.2630E+00 3.4199E-01
1.0573E+01 6.8816E-01
9.7030E+00 3.4428E-01
9.7330E+00 -4.1859E-01
1.0083E+01 8.1134E-01
1.0043E+01 1.1977E-01
9.3530E+00 -2.2621E-01
9.4630E+00 2.7477E-01
8.8030E+00 -2.4283E-01
9.1530E+00 2.0876E-01
9.2730E+00 -4.1796E-01
1.0053E+01 1.0991E-02
9.0630E+00 -3.9469E-01
9.4730E+00 -3.0601E-01
9.2730E+00 -3.1587E-01
9.5530E+00 -4.4554E-01
9.6730E+00 1.0414E-01
9.5230E+00 3.9520E-01
8.9530E+00 -4.7804E-02
9.2730E+00 -6.6152E-01
9.3030E+00 -2.8280E-01
9.3130E+00 9.0815E-02
9.5430E+00 3.0249E-01
9.4030E+00 -1.6256E-01
9.4430E+00 -3.6753E-01
9.5030E+00 -1.7598E-01
9.7630E+00 8.2804E-01
9.5330E+00 -4.9572E-01
9.6130E+00 -4.5117E-02
9.2830E+00 -1.6164E-01
9.3630E+00 1.7154E-02
9.5730E+00 -6.8593E-01
9.1230E+00 -1.6022E-01
9.2630E+00 -5.9374E-02
8.9730E+00 -1.6630E-01
9.6730E+00 4.2823E-02
9.5630E+00 -1.9688E-01
9.9330E+00 -2.2893E-02
9.3930E+00 1.9989E-01
1.0343E+01 4.1935E-01
1.0283E+01 1.3889E+00
1.0093E+01 -1.7592E-01
9.1030E+00 -1.3207E-01
9.6630E+00 2.5124E-01
9.6030E+00 -5.1551E-01
9.4730E+00 -1.2831E-01
1.1283E+01 1.7514E+00
9.5330E+00 -1.9716E-01
9.1930E+00 -7.2101E-02
9.3930E+00 -1.0249E+00
9.0430E+00 -3.6945E-02
9.6930E+00 -2.8125E-03
9.7530E+00 -5.9388E-02
8.8730E+00 -2.4380E-01
9.9530E+00 1.6457E-02
9.0630E+00 5.4640E-02
8.9330E+00 -5.4140E-01
9.4430E+00 -2.7737E-01
9.7230E+00 7.0559E-02
9.9030E+00 -4.8008E-01
9.4430E+00 -2.7305E-01
9.6930E+00 1.1578E-01
8.9130E+00 -1.1175E-01
8.8030E+00 -4.3372E-02
8.8330E+00 6.5625E-02
9.1530E+00 -1.9724E-01
8.9330E+00 -3.6101E-01
9.0630E+00 4.5558E-02
9.0630E+00 -1.8518E-01
9.6530E+00 7.7285E-01
9.6330E+00 -4.6449E-01
9.5330E+00 -3.0767E-02
8.8030E+00 -2.1311E-01
9.4830E+00 -2.6761E-01
9.7430E+00 8.4101E-01
1.0003E+01 5.0113E-02
8.8830E+00 -1.5181E-01
8.9530E+00 -1.3049E-01
1.0133E+01 1.3167E-01
9.0530E+00 -2.8233E-01
9.6730E+00 -9.0761E-02
9.3330E+00 6.7551E-02
9.1230E+00 -4.1406E-01
9.6630E+00 1.1046E+00
9.5230E+00 -5.1051E-01
9.4530E+00 9.8234E-01
9.0630E+00 -5.1014E-01
9.6630E+00 -7.6343E-01
8.8330E+00 -1.2237E-02
1.0023E+01 2.7758E-01
8.8230E+00 -1.3743E-01
9.6030E+00 -7.1223E-02
9.6830E+00 -8.6119E-04
9.0530E+00 -2.4533E-01
9.4630E+00 3.3613E-01
8.9530E+00 -1.0313E+00
9.0130E+00 -3.2056E-01
9.0730E+00 1.0068E+00
9.7630E+00 -2.6507E-01
9.7730E+00 -9.6462E-02
8.9630E+00 -1.7484E-01
9.9030E+00 3.7952E-01
1.0543E+01 3.6118E-01
8.9230E+00 -9.3782E-02
1.0103E+01 7.6824E-01
9.5730E+00 9.1730E-02
9.0930E+00 -3.3843E-01
9.3830E+00 1.1038E+00
9.4830E+00 1.3250E-01
9.7230E+00 -1.1059E-02
9.5430E+00 4.0266E-01
9.4430E+00 -4.3260E-02
9.3730E+00 -4.1890E-01
1.0383E+01 6.6851E-01
9.4730E+00 -5.8658E-01
9.5930E+00 2.5628E-01
9.0530E+00 7.2121E-02
9.5130E+00 -4.0890E-01
9.8930E+00 -7.6413E-01
9.3430E+00 -1.5323E-01
9.7630E+00 -1.1874E-01
9.1330E+00 -1.8958E-01
9.5630E+00 -2.3792E-01
9.6830E+00 2.1142E-01
9.2730E+00 -6.5925E-01
9.5330E+00 1.2339E-01
1.0153E+01 1.4039E+00
8.8430E+00 1.2651E+00
9.4930E+00 -9.1590E-01
1.0013E+01 3.8879E-01
9.5730E+00 1.1150E-01
9.6630E+00 -1.0673E-01
9.7430E+00 8.1524E-01
9.2730E+00 -1.4984E-01
1.0413E+01 -7.3912E-01
9.6730E+00 3.0106E-02
9.2330E+00 3.1243E-02
9.4630E+00 2.0403E-01
9.5530E+00 3.2147E-02
9.0430E+00 -1.7416E-01
9.7930E+00 -1.5868E-01
1.0133E+01 -2.8044E-01
9.8630E+00 3.5795E-01
9.8930E+00 -6.1939E-02
9.1230E+00 2.1250E-01
9.5730E+00 1.4399E-01
9.6430E+00 -2.5100E-01
9.2230E+00 -1.9075E-01
9.7630E+00 2.9172E-01
9.2730E+00 -5.4737E-01
9.4130E+00 -6.4128E-01
1.0073E+01 -4.8114E-01
9.6030E+00 7.0861E-02
9.5030E+00 1.8663E-02
9.4730E+00 7.9469E-01
1.0963E+01 -6.0634E-01
1.0533E+01 7.6933E-01
9.6930E+00 1.1015E-01
9.7630E+00 1.7372E-01
1.0353E+01 2.3324E-01
9.8230E+00 1.4887E-01
9.8330E+00 -5.2456E-01
9.7530E+00 -1.0336E-01
9.6230E+00 -6.0906E-01
9.3730E+00 -5.4125E-02
9.1730E+00 1.0850E-01
1.0103E+01 5.4096E-02
1.0173E+01 -1.9548E-02
9.8130E+00 5.4502E-02
9.2530E+00 4.3714E-01
9.0530E+00 2.5326E-02
9.8830E+00 2.8530E-01
9.0230E+00 1.9165E-01
8.9030E+00 1.7760E-01
8.9830E+00 2.3981E-01
8.9130E+00 -2.5212E-01
1.0133E+01 1.6013E-01
9.9930E+00 -2.9164E-01
8.8930E+00 2.1501E-01
9.1130E+00 -2.2424E-01
1.0123E+01 1.8909E-01
9.6330E+00 -1.3264E-02
9.3930E+00 9.2524E-02
9.1230E+00 -2.5942E-01
9.4830E+00 -4.0374E-02
1.0503E+01 4.5553E-01
9.7930E+00 -3.8509E-01
9.7030E+00 -6.4920E-02
9.7330E+00 2.8295E-01
9.4530E+00 3.9142E-01
9.7830E+00 5.0504E-01
8.7930E+00 -4.3336E-01
9.1330E+00 -9.5679E-01
8.8230E+00 -3.7645E-01
1.0643E+01 7.3964E-01
1.0183E+01 7.3338E-03
9.2330E+00 -9.6006E-02
1.1523E+01 1.5674E-01
8.8730E+00 1.1637E-01
8.9030E+00 1.2159E-01
9.8830E+00 2.9291E-01
9.9030E+00 -6.6215E-02
9.5430E+00 -7.6836E-02
1.0803E+01 -1.0096E-01
9.1630E+00 -8.1530E-02
9.4930E+00 -1.0580E-01
1.0283E+01 3.8295E-01
9.3630E+00 2.5779E-01
1.0153E+01 1.2848E-01
9.3530E+00 2.6383E-01
9.3830E+00 -2.5462E-01
9.7730E+00 -1.8977E-01
9.7630E+00 -2.2515E-01
1.0083E+01 -1.7684E-02
9.3730E+00 1.6798E-01
1.0523E+01 1.7536E-01
9.7330E+00 -1.9498E-01
1.0103E+01 1.4102E-01
1.0413E+01 -2.2694E-01
9.2730E+00 -3.3620E-01
1.0013E+01 9.9605E-03
9.7530E+00 -2.7748E-02
9.1330E+00 1.0711E+00
9.6930E+00 4.8497E-01
9.8830E+00 5.4705E-01
9.4330E+00 -9.0010E-02
9.5030E+00 -9.1509E-02
9.0030E+00 -2.6607E-01
9.3630E+00 -1.1339E-01
8.9930E+00 -3.2866E-01
9.4930E+00 -1.0320E-01
8.8330E+00 -2.5793E-01
9.1130E+00 1.3332E-01
9.7230E+00 -3.1556E-01
9.6230E+00 1.8670E-01
9.2630E+00 -2.6302E-01
9.6830E+00 -6.4834E-01
9.6030E+00 7.3982E-02
9.6030E+00 6.7099E-03
9.4830E+00 -2.0853E-01
9.8430E+00 -8.0366E-02
9.9130E+00 1.1705E-01
9.0630E+00 -3.9387E-02
1.0183E+01 1.6616E-01
9.3730E+00 -1.1639E-01
9.8130E+00 1.3810E-01
1.0513E+01 2.5150E-01
8.7830E+00 -4.7229E-01
9.6530E+00 4.1407E-03
9.5430E+00 3.1019E-01
9.7230E+00 -3.8685E-02
9.1830E+00 -5.3975E-02
9.7930E+00 2.4728E-01
1.0033E+01 3.6948E-01
1.1083E+01 1.5365E+00
9.6130E+00 5.0123E-01
9.1030E+00 -2.8076E-01
9.0630E+00 3.0925E-01
9.5730E+00 2.6730E-01
9.0030E+00 -3.9632E-02
9.9130E+00 6.2689E-01
9.3930E+00 -7.8422E-02
9.1930E+00 -9.8868E-03
9.2930E+00 -2.4920E-01
9.4030E+00 -1.5868E-01
9.9630E+00 -2.3486E-01
9.9430E+00 -8.0342E-02
9.7730E+00 -2.2112E-01
9.9330E+00 3.3121E-01
9.6430E+00 -1.8819E-02
9.3830E+00 -3.5707E-01
9.6630E+00 -3.7576E-01
9.7030E+00 -5.2118E-01
1.0263E+01 -7.4452E-03
1.0003E+01 9.6586E-01
9.5930E+00 -2.2316E-01
9.0530E+00 -3.3964E-01
9.1030E+00 -1.3096E-01
1.0973E+01 -3.9761E-02
8.8430E+00 -2.0032E-01
9.6630E+00 8.8610E-01
9.4530E+00 7.2003E-02
8.8930E+00 -4.1086E-01
9.3530E+00 7.2059E-02
1.0003E+01 5.3166E-01
9.5930E+00 3.5385E-01
8.9230E+00 -2.1587E-01
9.2630E+00 -4.3617E-01
1.0423E+01 2.4620E-01
8.8530E+00 -2.2681E-01
9.8830E+00 1.8615E-01
9.8630E+00 7.5413E-01
9.4630E+00 -4.2841E-03
8.9930E+00 -1.8674E-02
9.1030E+00 -5.2410E-02
9.3530E+00 -3.3540E-04
1.0373E+01 6.9687E-02
8.7930E+00 4.1210E-01
9.7130E+00 -1.2788E-01
9.0630E+00 -8.4945E-02
1.0193E+01 1.0202E-01
1.0293E+01 2.3253E-01
9.7030E+00 -3.4562E-02
9.3530E+00 -2.9031E-01
8.8130E+00 -1.1746E-01
9.4530E+00 7.3432E-02
9.0930E+00 -1.8065E-02
9.7930E+00 -1.2424E-02
9.5830E+00 -3.8309E-01
9.7530E+00 -2.3922E-01
9.4530E+00 -8.4078E-02
9.6530E+00 3.4505E-01
8.9330E+00 -1.0280E+00
9.2030E+00 9.7350E-01
8.9730E+00 2.8926E-01
9.0430E+00 -8.6667E-02
9.6330E+00 2.4660E-01
9.7730E+00 -2.9468E-01
8.8630E+00 -3.2048E-01
9.1530E+00 -8.0076E-01
9.6530E+00 5.1531E-01
9.3530E+00 2.3463E-01
9.2330E+00 -1.1698E-01
1.0043E+01 1.1710E-03
9.3030E+00 -1.9046E-01
9.3630E+00 -3.1630E-01
8.8530E+00 -6.3621E-01
9.5830E+00 -3.7431E-01
9.8130E+00 5.5623E-03
9.0430E+00 1.8782E-01
1.0123E+01 1.8692E-01
9.8730E+00 2.1904E-02
9.5630E+00 -1.3332E-01
9.0230E+00 -8.0124E-01
9.1030E+00 -1.8315E-01
9.8330E+00 -1.9994E-01
1.0063E+01 -9.1833E-02
8.9430E+00 -4.8397E-01
9.5330E+00 -1.2599E-01
9.8430E+00 -3.1822E-02
9.3630E+00 1.6700E-01
9.7630E+00 2.4257E-01
9.4130E+00 1.3339E-01
9.6130E+00 -3.6650E-01
9.9230E+00 6.8828E-02
9.4830E+00 1.2469E-01
9.3430E+00 -2.6409E-01
9.5830E+00 -9.7318E-02
8.9930E+00 -4.6667E-01
9.0730E+00 -7.5403E-02
9.5130E+00 -1.3632E-01
9.7130E+00 3.4219E-01
9.5830E+00 -2.7852E-01
9.7730E+00 -3.4479E-01
9.4830E+00 4.3614E-02
9.5030E+00 2.7541E-02
9.2630E+00 -3.0404E-02
9.3230E+00 -1.1973E-01
9.4230E+00 -2.2188E-01
1.0043E+01 2.6775E-01
9.2530E+00 -1.7649E-01
9.2930E+00 9.9556E-02
9.0330E+00 -1.4037E-01
9.4330E+00 -1.0864E-01
8.9030E+00 -2.9925E-01
1.0133E+01 8.3532E-01
9.6430E+00 3.6493E-02
8.9930E+00 -1.7319E-01
9.7830E+00 2.2082E-01
9.6730E+00 -1.1516E-01
1.0073E+01 1.8391E-01
9.1230E+00 -2.4985E-01
9.5530E+00 -5.0525E-01
9.3230E+00 -4.8075E-02
9.8530E+00 1.0644E+00
8.9730E+00 -1.4182E-01
8.8830E+00 -8.2570E-01
9.0830E+00 -5.0249E-02
9.4030E+00 1.9602E-02
9.9730E+00 5.3720E-02
9.4330E+00 -2.8454E-01
9.1730E+00 -9.3977E-02
9.5330E+00 6.6451E-01
9.7830E+00 -3.7715E-01
9.7430E+00 -8.2201E-02
9.6730E+00 1.4281E-01
9.4930E+00 -9.0775E-02
9.6030E+00 8.7476E-02
9.5830E+00 -1.8513E-01
9.8030E+00 -8.5431E-02
9.0230E+00 4.3574E-02
1.0333E+01 7.1903E-01
9.3730E+00 4.7119E-02
8.8430E+00 -6.9812E-01
1.0053E+01 5.5574E-01
9.9530E+00 3.1421E-01
1.0623E+01 2.7202E-01
9.8130E+00 -7.8375E-02
8.9930E+00 -2.2148E-01
9.6430E+00 4.8648E-01
9.1730E+00 -1.5056E-01
9.9530E+00 8.9956E-01
8.9530E+00 -1.8898E-03
1.0343E+01 8.6668E-01
9.5030E+00 2.6289E-01
9.5630E+00 1.3440E-02
9.8530E+00 7.1009E-02
8.9130E+00 -1.8791E-01
9.9430E+00 -9.0146E-02
9.3430E+00 2.1986E-01
1.0003E+01 3.7184E-01
9.9430E+00 2.0078E-01
9.4330E+00 -2.1257E-01
9.7730E+00 2.7056E-01
9.1530E+00 -3.3485E-01
9.1230E+00 2.3739E-01
9.3430E+00 -7.5136E-02
1.0183E+01 4.0128E-01
9.5030E+00 -1.2290E-01
1.0063E+01 8.3115E-01
1.0403E+01 -1.7767E-01
9.2030E+00 -1.2285E-01
9.4330E+00 2.5450E-01
9.0130E+00 -2.6413E-01
9.1930E+00 -2.7501E-01
9.6430E+00 -7.8565E-01
9.8930E+00 -7.1893E-02
9.0430E+00 -1.9794E-01
1.0693E+01 2.8037E-01
9.4330E+00 7.9627E-01
8.7930E+00 6.4751E-01
9.7030E+00 4.8371E-03
9.8430E+00 -1.1766E-01
1.0443E+01 -2.8205E-01
9.5930E+00 -5.4366E-02
9.7530E+00 -6.0208E-02
9.3730E+00 2.1301E-01
9.6030E+00 -5.5825E-03
9.6730E+00 2.1304E-01
9.0830E+00 -2.9339E-01
9.4030E+00 -3.2971E-01
1.0263E+01 1.3913E+00
9.4330E+00 8.9955E-02
9.0130E+00 7.8823E-02
9.9230E+00 4.0933E-01
1.0083E+01 -3.8620E-01
9.5930E+00 -1.2118E-02
9.5430E+00 1.7498E-01
9.0130E+00 -3.0771E-01
9.6530E+00 1.8734E-02
9.4530E+00 -1.8121E-01
9.6230E+00 -3.9914E-01
1.0003E+01 2.7121E-01
1.0233E+01 -1.5785E-01
9.6530E+00 -4.3169E-01
9.5130E+00 -4.3769E-01
1.0043E+01 -5.4183E-02
9.4030E+00 -3.9203E-01
1.0713E+01 1.1927E-03
9.6930E+00 -1.4787E-01
9.2730E+00 -2.7223E-01
9.9630E+00 1.0321E+00
9.6730E+00 -1.6226E-01
8.9730E+00 -3.4060E-01
9.3730E+00 -1.3212E-01
9.4830E+00 -3.9399E-02
1.0113E+01 8.5038E-04
8.9230E+00 6.1992E-01
9.2530E+00 1.1876E-01
9.6330E+00 -7.0165E-02
9.9630E+00 -7.7860E-02
9.9030E+00 -3.3473E-01
8.9730E+00 -2.2155E-01
9.4130E+00 -4.5003E-01
1.0043E+01 2.2293E-01
9.2230E+00 -4.2256E-01
9.3930E+00 -3.3233E-01
9.1230E+00 -7.9281E-02
9.6030E+00 -3.0227E-02
9.2230E+00 -2.4491E-01
9.9630E+00 -4.6349E-01
9.3530E+00 -2.1180E-01
1.0303E+01 1.6025E-01
8.9430E+00 4.0729E-02
9.5930E+00 -3.0506E-01
9.2030E+00 -9.0776E-03
9.2630E+00 -2.6493E-01
9.6830E+00 5.1688E-01
9.5430E+00 -6.0046E-03
9.9630E+00 4.1065E-01
9.2330E+00 1.1450E-03
1.0373E+01 1.2899E-01
9.6630E+00 2.8166E-01
9.3130E+00 1.7927E-01
9.7330E+00 -3.4042E-02
9.3430E+00 -1.8630E-01
9.8530E+00 3.9786E-01
1.0263E+01 -2.5638E-01
9.1630E+00 1.1557E-01
1.0163E+01 1.8519E-01
9.9230E+00 4.7286E-01
8.8530E+00 -4.3897E-01
9.0430E+00 -9.1089E-02
9.4930E+00 -2.2195E-01
9.4730E+00 -1.2686E-01
9.2330E+00 -2.9029E-01
9.3230E+00 3.7522E-01
9.7030E+00 -1.2632E-01
9.1330E+00 8.1268E-01
1.0043E+01 1.2404E-01
9.2930E+00 6.2958E-02
8.9630E+00 1.0091E-01
9.6630E+00 7.4820E-01
1.0953E+01 4.8970E-02
9.2930E+00 1.3394E-01
9.4130E+00 6.5684E-01
9.1230E+00 -6.9502E-03
8.9830E+00 -9.8995E-02
9.9630E+00 4.6374E-01
9.2830E+00 -1.8016E-01
9.5330E+00 6.0972E-01
9.7130E+00 6.1942E-01
8.8630E+00 -2.8532E-01
9.4730E+00 -9.7001E-02
9.0430E+00 -8.6044E-02
9.8230E+00 4.7239E-01
1.0403E+01 5.6642E-02
9.8830E+00 4.4477E-01
1.0163E+01 4.3687E-03
9.7330E+00 4.8563E-01
9.2330E+00 7.9572E-02
1.0683E+01 1.6629E-01
9.9830E+00 -4.0130E-01
9.1930E+00 -3.3407E-01
9.8330E+00 -4.6264E-01
9.4230E+00 1.1435E-02
8.8230E+00 -3.5685E-01
9.1830E+00 2.3196E-01
9.6930E+00 -6.8494E-02
8.9630E+00 2.0550E-01
9.8630E+00 1.3626E-01
8.9830E+00 -3.5012E-01
8.8030E+00 -5.0386E-01
9.9030E+00 -3.1794E-01
1.0243E+01 7.9800E-02
9.7830E+00 1.7710E-01
9.9330E+00 1.3132E+00
9.8230E+00 1.7310E-01
9.6130E+00 8.9060E-02
8.9930E+00 -1.1788E-01
9.2930E+00 -1.9334E-01
1.0673E+01 3.2155E-02
9.3930E+00 -3.4364E-01
9.1730E+00 -1.4344E-01
1.0483E+01 6.5733E-02
9.8530E+00 4.4569E-01
9.1930E+00 5.8546E-01
9.6330E+00 -8.1944E-02
9.9430E+00 -2.7383E-02
9.5030E+00 1.2039E-01
9.1330E+00 8.5706E-01
9.6030E+00 6.1739E-02
9.9530E+00 1.5004E-01
9.4930E+00 4.6687E-01
9.6130E+00 -2.7853E-01
9.7830E+00 1.1236E-01
1.0493E+01 4.0258E-01
9.2530E+00 -2.7128E-01
9.1030E+00 -2.4415E-01
9.1730E+00 -6.7160E-01
9.4030E+00 -1.1724E-01
9.4530E+00 2.0168E-01
9.8030E+00 -1.3415E-01
8.7830E+00 6.5041E-01
9.6230E+00 1.1015E-01
1.0163E+01 2.4785E-01
9.2330E+00 -1.4503E-01
9.1030E+00 -4.8606E-01
8.8830E+00 3.2439E-01
9.4030E+00 1.0997E+00
9.1530E+00 -3.4278E-01
8.9330E+00 -3.7073E-01
9.2930E+00 1.9854E-01
9.5330E+00 -3.5361E-01
9.7430E+00 1.3696E-01
9.1530E+00 1.1509E-01
1.0063E+01 9.9351E-03
9.7030E+00 5.0320E-01
1.0383E+01 4.6739E-01
9.9730E+00 -2.9026E-01
9.8330E+00 -1.4256E-01
9.3530E+00 -1.2019E-01
9.8930E+00 3.2624E-01
9.3830E+00 2.9257E-01
9.0130E+00 -1.0769E-01
9.1030E+00 -3.3881E-01
9.0130E+00 -2.9939E-01
9.5930E+00 4.9315E-03
9.9530E+00 1.2351E-01
1.0113E+01 4.1638E-01
9.7530E+00 -2.9064E-01
1.0153E+01 6.3584E-01
1.0023E+01 9.1754E-01
9.5730E+00 2.5761E-01
1.0263E+01 -9.7647E-02
8.8630E+00 -4.0745E-01
8.9430E+00 -5.4056E-01
9.0030E+00 -5.0548E-01
1.0453E+01 -3.5887E-01
8.9930E+00 -2.3598E-01
1.0073E+01 1.9441E-01
9.5130E+00 1.9922E-02
9.2930E+00 4.3904E-02
9.3130E+00 -3.2629E-01
9.1430E+00 3.1404E-02
9.6430E+00 -8.5770E-01
9.6430E+00 4.4275E-04
9.9430E+00 7.9879E-02
9.7830E+00 -3.6965E-01
9.9330E+00 9.3424E-01
1.0513E+01 -1.5324E-01
1.0433E+01 8.0825E-02
9.1530E+00 9.9474E-01
9.0230E+00 -2.0771E-01
9.4830E+00 -3.2564E-01
9.0330E+00 -2.9374E-01
9.8430E+00 -6.6464E-02
9.2130E+00 1.3628E-01
1.0093E+01 2.4713E-01
8.8030E+00 -6.2995E-02
9.1330E+00 7.6343E-01
1.0873E+01 1.0132E-01
9.8230E+00 -1.9276E-01
8.9130E+00 -2.3037E-01
1.0453E+01 1.7316E-01
9.6530E+00 -1.3773E-01
9.9230E+00 1.6268E-02
9.3930E+00 6.1677E-01
9.9330E+00 1.6609E-01
9.3030E+00 9.0608E-01
8.8730E+00 -1.7014E-01
9.8630E+00 1.2960E-01
1.0313E+01 6.9627E-02
9.2330E+00 5.0679E-01
9.3730E+00 -1.5026E-01
9.0730E+00 -7.3291E-01
9.6930E+00 2.3918E-01
9.7830E+00 -5.1785E-02
9.4130E+00 3.3090E-02
9.3130E+00 1.1583E+00
1.0253E+01 -5.6664E-02
1.0053E+01 6.7777E-02
9.2230E+00 -1.6765E-01
9.8830E+00 -9.7264E-02
9.7030E+00 -3.3838E-01
9.7130E+00 1.1996E-01
1.0623E+01 2.7879E-01
1.0163E+01 -1.3351E-01
9.1330E+00 3.2436E-01
9.3230E+00 2.5237E-01
9.3630E+00 3.2778E-01
9.2430E+00 1.0869E-01
1.0123E+01 -2.0310E-01
9.4330E+00 -1.9579E-01
1.0013E+01 2.0309E-01
1.0583E+01 6.0043E-01
9.9730E+00 -1.2731E-01
1.0033E+01 4.4871E-01
1.1223E+01 2.2663E-01
9.3930E+00 3.0100E-01
1.0173E+01 -5.1228E-02
9.9230E+00 9.6670E-01
9.5830E+00 -9.7718E-02
9.3530E+00 2.6446E-01
9.3030E+00 -1.7995E-01
1.0073E+01 1.5125E-01
9.5630E+00 1.0809E-02
9.6130E+00 -2.5047E-01
9.0030E+00 2.8765E-01
9.5130E+00 8.8173E-03
9.8230E+00 -1.8526E-01
9.3930E+00 8.3754E-01
9.9530E+00 3.4753E-01
9.8230E+00 4.6266E-01
9.2030E+00 -1.9387E-01
9.3430E+00 -3.4542E-01
9.8830E+00 1.1867E-01
9.7330E+00 -2.0337E-01
9.3830E+00 -1.7368E-01
9.1130E+00 -3.8374E-01
9.1630E+00 1.4892E-01
9.2630E+00 -7.5899E-01
9.7330E+00 1.0124E-01
1.0623E+01 6.0019E-01
8.8630E+00 1.2867E-01
1.0523E+01 3.2893E-01
9.0130E+00 -3.8113E-01
9.1830E+00 1.0026E-01
9.5030E+00 -5.9702E-02
9.1830E+00 -4.8015E-01
9.3430E+00 -5.9083E-01
9.4330E+00 4.7528E-01
9.3330E+00 -2.0047E-01
9.7230E+00 3.4339E-01
9.4230E+00 -2.9869E-01
9.5730E+00 2.1131E-01
1.0023E+01 1.9712E-01
9.8530E+00 3.2308E-02
8.8830E+00 -2.4441E-01
9.3930E+00 9.9330E-01
1.0083E+01 3.7929E-01
8.9930E+00 7.5472E-03
1.0323E+01 -3.9358E-01
1.0773E+01 7.0248E-02
9.3630E+00 -4.1374E-01
9.7130E+00 2.9947E-01
9.5230E+00 5.2074E-01
9.0430E+00 -1.1484E-01
9.1430E+00 -3.4089E-01
9.1230E+00 -5.2972E-02
9.4030E+00 2.1245E-01
9.2830E+00 -2.2386E-01
9.2530E+00 5.0416E-01
9.5730E+00 4.8267E-02
1.0013E+01 -2.0030E-01
8.8630E+00 -3.3154E-01
9.2530E+00 -4.0188E-01
9.2730E+00 -3.4392E-01
9.3930E+00 -7.4496E-02
1.0063E+01 -2.9914E-01
9.2130E+00 -1.0146E-01
9.3930E+00 -6.7700E-02
9.6230E+00 4.5392E-01
9.3630E+00 -5.0880E-02
9.4130E+00 6.2898E-02
1.0113E+01 4.0034E-01
9.3830E+00 -4.5098E-02
9.5030E+00 -2.3348E-01
9.5230E+00 -1.5663E-01
9.7730E+00 3.8791E-02
9.0630E+00 -1.9011E-01
9.6330E+00 -1.4281E-01
9.5630E+00 1.2195E-01
8.9830E+00 -8.8112E-01
8.9930E+00 -2.1275E-01
9.0530E+00 -6.6745E-02
9.5930E+00 3.8394E-02
9.0930E+00 -4.9296E-01
9.9330E+00 -4.3659E-01
9.5630E+00 -4.8182E-01
9.1330E+00 -3.9655E-01
9.6230E+00 1.3249E-01
1.0363E+01 4.2227E-01
9.6730E+00 -3.8195E-01
9.6930E+00 3.1968E-01
9.3530E+00 -2.0943E-01
9.1030E+00 -4.5760E-01
9.5030E+00 -6.1564E-02
8.8230E+00 1.6815E-01
9.5730E+00 -2.8664E-01
9.9330E+00 2.3146E-01
9.3930E+00 6.1011E-02
8.9930E+00 -6.4150E-01
9.1130E+00 -2.0806E-01
1.0013E+01 -7.9131E-02
1.0003E+01 6.9105E-01
9.6430E+00 -2.1870E-01
9.7230E+00 9.0908E-01
1.0533E+01 3.5812E-01
9.0430E+00 3.0455E-01
9.3830E+00 -1.5331E-01
9.7030E+00 2.2148E-02
9.1630E+00 -1.2838E-01
9.2830E+00 3.4273E-01
9.5130E+00 4.5752E-01
8.9330E+00 -3.8530E-01
1.0303E+01 4.6681E-01
8.8430E+00 -1.9327E-01
9.8930E+00 -3.8595E-02
1.1263E+01 4.2083E-01
9.1630E+00 -2.0415E-01
9.4530E+00 6.0966E-02
9.6030E+00 -7.2023E-02
9.5630E+00 4.1377E-02
1.0053E+01 3.0022E-01
9.6730E+00 2.7556E-01
1.0393E+01 4.4595E-01
9.6730E+00 -1.8887E-01
9.0830E+00 -7.0527E-02
8.8430E+00 -1.5198E-01
9.6230E+00 4.4713E-01
9.1130E+00 9.3996E-02
9.5630E+00 -2.0807E-01
1.0773E+01 4.5840E-01
9.8930E+00 3.9306E-01
9.3730E+00 -3.3772E-01
9.1530E+00 -1.9830E-01
9.0130E+00 4.6889E-02
9.1930E+00 1.7421E-01
9.1530E+00 2.7969E-02
9.8330E+00 5.0693E-02
9.8530E+00 7.7094E-03
9.0330E+00 -6.1729E-02
9.6030E+00 1.3306E-01
9.4830E+00 -1.4078E-01
9.1130E+00 -8.9060E-03
9.7730E+00 -5.0956E-01
9.2430E+00 1.0054E-02
8.7930E+00 6.9912E-02
9.0630E+00 -2.3289E-01
9.0330E+00 1.7253E-01
1.0873E+01 -4.9807E-01
9.9030E+00 1.9183E-02
9.9930E+00 2.5193E-01
1.0453E+01 4.1368E-01
9.4030E+00 -2.1403E-01
9.8130E+00 -1.8499E-01
9.0630E+00 -9.1403E-02
1.0753E+01 2.9066E-01
9.0830E+00 -1.1046E-01
1.0103E+01 -8.7648E-02
9.0330E+00 -2.6258E-01
9.3830E+00 2.0842E-02
9.1330E+00 1.0829E-01
9.6830E+00 -9.5701E-03
9.5030E+00 2.3602E-02
9.1730E+00 1.2964E-01
9.6230E+00 -3.4107E-01
9.5230E+00 -2.0992E-01
9.3530E+00 -3.2438E-01
9.3730E+00 -8.1374E-01
8.8630E+00 -3.2553E-01
9.5330E+00 -2.6982E-01
9.1730E+00 3.9681E-01
9.6030E+00 1.8470E-01
9.3530E+00 -2.2485E-01
9.4930E+00 9.0727E-02
9.8830E+00 1.8061E-01
8.9430E+00 -4.4918E-01
8.8030E+00 -5.7120E-01
9.5630E+00 -3.1279E-01
9.2130E+00 -1.5820E-01
1.1203E+01 1.7943E-01
9.6830E+00 3.8867E-01
1.1233E+01 3.0184E-01
9.6630E+00 4.1277E-01
1.0213E+01 -2.3954E-01
1.0383E+01 8.3211E-01
9.7630E+00 4.4903E-01
1.0103E+01 2.6915E-01
9.3830E+00 -6.7861E-02
9.5530E+00 -2.3483E-01
9.3330E+00 -1.1096E-01
9.6030E+00 1.2094E-02
9.3730E+00 -3.0989E-01
9.9830E+00 3.5591E-01
9.4930E+00 3.4885E-02
9.8330E+00 2.3497E-01
9.4630E+00 -3.8251E-01
9.9630E+00 2.8675E-01
9.8430E+00 3.3029E-02
9.3330E+00 -2.8983E-02
8.8430E+00 7.7685E-01
9.0930E+00 -3.8736E-01
1.0493E+01 -3.6152E-01
9.2230E+00 6.9908E-02
1.0543E+01 1.9258E-01
8.9430E+00 8.5911E-02
9.6730E+00 1.3685E-01
9.9530E+00 -3.7028E-01
9.7730E+00 4.0787E-01
9.7430E+00 -8.8733E-02
8.9630E+00 3.3312E-01
9.3830E+00 -1.7503E-02
9.4430E+00 -1.7409E-01
9.5630E+00 5.0669E-01
9.9530E+00 1.9051E-01
9.3230E+00 1.4086E-01
9.9030E+00 -4.9021E-02
9.4130E+00 1.4452E-01
9.7330E+00 2.4030E-01
9.1230E+00 2.0414E-01
8.9430E+00 -2.3517E-01
9.1030E+00 1.2086E-01
8.9330E+00 -6.7023E-01
9.7230E+00 -1.6196E-01
9.6130E+00 2.1976E-01
9.9430E+00 1.8129E-01
8.9530E+00 4.7803E-01
9.1530E+00 3.6500E-01
1.0033E+01 -2.8757E-01
1.0103E+01 1.0600E-01
9.5830E+00 3.5894E-01
9.0430E+00 2.1264E-01
1.0313E+01 -1.3967E-01
9.3830E+00 7.9594E-02
9.1830E+00 -9.8992E-02
8.8930E+00 -4.6208E-01
9.7930E+00 -7.5795E-02
8.9030E+00 -3.2124E-01
9.1330E+00 -3.5009E-01
9.3930E+00 -1.5150E-01
1.0983E+01 -5.9635E-01
8.8830E+00 -4.5414E-01
1.0183E+01 7.0708E-01
1.0333E+01 3.0064E-01
9.5530E+00 -2.0628E-01
9.3230E+00 -1.3888E-01
9.7130E+00 1.0859E-02
1.0553E+01 2.2138E-01
9.1930E+00 -1.7189E-01
9.8430E+00 2.4253E-01
1.0683E+01 3.3517E-01
9.2330E+00 1.2511E-01
9.5730E+00 2.4725E-01
9.1530E+00 -1.0793E-01
1.0713E+01 -2.3610E-01
9.2430E+00 2.9212E-01
9.7130E+00 1.3372E-02
9.3130E+00 1.6865E-01
9.9730E+00 -3.2061E-02
9.2730E+00 2.1756E-01
1.0073E+01 -4.7664E-03
1.0493E+01 5.8541E-01
9.2530E+00 -2.1282E-01
9.0230E+00 7.0167E-02
9.8930E+00 4.7646E-01
9.0730E+00 7.4249E-02
1.0363E+01 -6.2934E-02
9.5730E+00 -1.2197E-02
9.2730E+00 -1.2076E-01
9.1130E+00 -4.4456E-01
9.9530E+00 1.9358E-01
9.2230E+00 -1.6147E-01
9.7830E+00 1.1090E-01
9.6030E+00 2.3283E-01
9.4930E+00 3.5897E-01
9.6230E+00 9.3943E-02
9.0630E+00 -7.4382E-02
9.2930E+00 7.7419E-02
9.3630E+00 8.1405E-02
9.2530E+00 -3.1111E-01
9.8330E+00 1.6737E-02
1.0113E+01 -6.3662E-01
1.0423E+01 1.3070E+00
9.6730E+00 -1.6104E-01
9.7830E+00 1.5042E-01
9.7330E+00 3.6963E-01
1.0373E+01 1.5300E-01
1.1103E+01 -9.9423E-02
9.3630E+00 -1.9388E-02
9.2530E+00 -3.0614E-02
9.0230E+00 -3.8168E-01
9.6130E+00 -3.7961E-02
9.9330E+00 1.0096E+00
1.0263E+01 4.8489E-01
8.9030E+00 -3.2775E-01
9.0430E+00 -3.9321E-04
9.1530E+00 -4.4668E-04
9.4030E+00 3.2019E-03
9.8230E+00 3.7865E-02
8.9130E+00 -4.7977E-01
9.9030E+00 1.1824E-01
9.9830E+00 -7.8460E-01
9.5430E+00 -7.3844E-01
9.3230E+00 -2.1576E-01
9.8030E+00 -5.9747E-03
9.8130E+00 3.4857E-02
9.4630E+00 6.4900E-02
9.9930E+00 1.3086E+00
1.0143E+01 -1.6129E-02
9.2930E+00 -3.8930E-01
1.0363E+01 1.5063E-01
9.9630E+00 2.7794E-01
9.7430E+00 -2.1394E-01
9.7230E+00 -3.5864E-01
9.9530E+00 1.1309E-01
9.3630E+00 -2.0165E-01
9.4930E+00 -2.4123E-01
9.5230E+00 7.7179E-03
9.7330E+00 1.4171E-01
9.4630E+00 2.0614E-02
9.8530E+00 -1.4250E-01
9.2330E+00 -2.0067E-01
1.0093E+01 -1.6425E-01
8.9630E+00 3.4716E-01
9.3330E+00 -2.7879E-01
9.2930E+00 -7.4550E-02
9.0030E+00 4.5823E-01
1.0323E+01 1.2220E-01
1.0293E+01 8.4480E-02
9.5430E+00 -4.5610E-01
9.8130E+00 -6.4339E-02
1.0313E+01 5.6578E-01
9.4830E+00 -3.2351E-01
9.4230E+00 -1.8981E-01
8.8430E+00 -5.3760E-01
9.2330E+00 5.4527E-01
9.4630E+00 2.4714E-01
1.0543E+01 1.1283E-01
9.3430E+00 -3.8769E-01
1.0313E+01 5.5687E-01
9.3730E+00 3.5868E-01
9.8330E+00 -4.2646E-02
8.8830E+00 -2.3938E-01
9.7430E+00 2.0439E-01
9.0930E+00 -4.6199E-01
8.9030E+00 -2.8056E-01
9.4230E+00 -3.3774E-01
9.1430E+00 3.6436E-01
9.5230E+00 2.6485E-01
9.1930E+00 2.4220E-01
8.8430E+00 -4.9656E-01
9.8130E+00 2.1589E-01
8.7830E+00 -3.1898E-01
1.0093E+01 7.2865E-01
9.4930E+00 -2.4370E-01
8.8830E+00 -5.3829E-01
9.4630E+00 3.7306E-01
9.3030E+00 -4.0670E-03
1.0133E+01 7.6741E-01
9.2030E+00 -2.9719E-01
8.9430E+00 -2.0113E-01
9.4530E+00 -4.2240E-01
9.3930E+00 2.5486E-02
9.0830E+00 2.1794E-01
8.9030E+00 7.5456E-02
9.4230E+00 -4.7584E-01
9.7330E+00 2.8238E-01
9.6830E+00 1.0252E+00
1.0853E+01 -1.8860E-02
9.8330E+00 1.1438E-01
8.8430E+00 -4.2511E-01
9.7030E+00 -9.4779E-02
9.3630E+00 -1.3552E-04
9.6430E+00 -6.5772E-01
8.8930E+00 -1.4065E-01
9.6930E+00 -2.4851E-01
9.6730E+00 -1.2277E-01
9.4230E+00 -8.0137E-02
9.7230E+00 2.3977E-01
9.0930E+00 1.0392E-01
9.5530E+00 4.8928E-01
9.4230E+00 1.5185E-01
9.5430E+00 -2.3404E-01
9.2430E+00 -2.4727E-01
9.6030E+00 1.3889E-01
9.1430E+00 -1.0004E-02
1.1123E+01 2.6919E-01
1.0043E+01 -7.2472E-02
9.3830E+00 -4.2891E-01
9.7230E+00 4.7387E-01
9.2730E+00 -2.1952E-01
9.3630E+00 1.1216E-01
9.0730E+00 3.9287E-01
8.9930E+00 -2.0215E-01
9.2030E+00 -2.6655E-01
9.1930E+00 3.1033E-01
9.3130E+00 -3.3460E-01
9.2430E+00 8.1223E-01
9.1430E+00 -4.1939E-01
9.3130E+00 9.6288E-02
9.2630E+00 -1.3449E-01
8.8330E+00 2.4270E-01
1.0933E+01 5.0450E-01
8.9030E+00 -2.7982E-01
8.8530E+00 -2.6230E-01
9.0030E+00 1.5887E-01
9.1330E+00 -5.5860E-01
8.9930E+00 -2.4485E-01
9.3730E+00 4.9029E-01
8.8030E+00 5.9404E-02
1.1003E+01 1.7748E+00
9.9130E+00 1.2901E-01
9.7430E+00 4.0006E-01
8.8130E+00 2.0847E-01
9.8130E+00 6.9908E-02
1.0193E+01 3.0018E-01
9.9230E+00 8.8753E-02
9.6530E+00 -1.3172E-01
8.9930E+00 -1.3082E-01
9.7530E+00 2.1586E-02
9.9130E+00 1.5075E-02
9.3530E+00 4.4336E-02
9.9430E+00 -8.0097E-01
9.8530E+00 -2.0191E-01
9.4630E+00 2.7340E-01
9.2130E+00 1.5846E-01
9.2430E+00 3.2829E-01
9.6430E+00 6.5870E-01
9.2830E+00 -1.2975E-01
9.2530E+00 -2.3753E-01
9.8330E+00 1.2893E-01
9.3730E+00 7.2235E-02
9.4530E+00 -1.7062E-02
9.0630E+00 -3.9621E-01
9.7130E+00 5.1700E-02
9.4030E+00 6.3720E-02
1.0383E+01 3.9474E-01
9.4930E+00 1.0097E-01
9.8230E+00 -6.4671E-02
9.1230E+00 -4.9608E-01
9.4930E+00 -3.6521E-03
9.4530E+00 -1.4768E-01
9.4530E+00 -3.7506E-01
9.9130E+00 1.3478E-01
9.2730E+00 4.7695E-02
9.6330E+00 -8.6233E-02
1.0193E+01 9.2798E-02
9.6130E+00 2.7603E-01
9.1330E+00 -4.6643E-02
8.7830E+00 -2.5398E-01
8.9230E+00 6.9065E-03
1.0333E+01 -2.3305E-01
1.0063E+01 -3.9593E-02
9.6930E+00 3.0102E-01
9.2530E+00 -9.9477E-02
9.2330E+00 1.3064E-01
8.8730E+00 -6.2042E-02
8.8630E+00 -4.7994E-01
9.9230E+00 1.1791E-01
8.7830E+00 -5.7703E-02
9.0130E+00 6.5008E-02
9.6630E+00 4.6634E-01
9.1830E+00 -4.6799E-01
1.0983E+01 8.0733E-01
9.4330E+00 -2.9513E-01
9.3330E+00 1.1459E-01
9.0930E+00 -1.1735E-02
9.0430E+00 -2.0915E-01
9.1330E+00 2.1612E-01
8.9530E+00 -3.2235E-03
1.1193E+01 3.2113E-01
1.0853E+01 -2.3697E-01
8.8130E+00 -2.8208E-01
9.0830E+00 -8.0135E-02
9.2230E+00 2.3310E-02
9.3230E+00 -4.7743E-01
9.8830E+00 1.2362E-01
9.1430E+00 2.9177E-01
9.8230E+00 -4.6194E-02
9.7230E+00 1.7480E-01
1.0263E+01 4.6332E-01
9.3330E+00 -4.9309E-02
1.0063E+01 4.2300E-02
9.3830E+00 1.2830E-01
1.0333E+01 7.3418E-01
1.0133E+01 6.7717E-01
8.8630E+00 -4.3139E-02
9.1730E+00 -3.4699E-01
9.2830E+00 1.0573E-01
9.3530E+00 -2.6158E-01
9.9730E+00 -5.4465E-02
1.0293E+01 -1.2139E-01
9.7130E+00 2.5033E-01
9.8330E+00 7.6615E-02
1.0213E+01 1.1710E-01
9.3630E+00 2.7517E-01
9.3030E+00 -6.5410E-02
9.8530E+00 -4.7017E-01
9.8330E+00 -8.4830E-02
9.9230E+00 3.0218E-01
9.8130E+00 1.7171E-01
1.0123E+01 -4.4859E-02
9.8930E+00 5.5023E-01
9.8030E+00 -2.9885E-01
9.5130E+00 3.2143E-01
9.7430E+00 2.1893E-01
9.1730E+00 -5.1758E-01
9.7230E+00 1.9735E-01
9.6130E+00 -1.5463E-01
9.4630E+00 -3.4278E-01
1.0193E+01 4.0548E-01
9.1430E+00 -3.5267E-02
1.0343E+01 3.9288E-01
9.4630E+00 9.0216E-02
9.7230E+00 3.6197E-01
9.2230E+00 -1.3576E-01
9.3130E+00 1.0999E-01
1.0273E+01 1.7215E+00
8.8930E+00 1.7234E-02
9.4330E+00 -4.8481E-01
9.2730E+00 6.6164E-01
9.5630E+00 -2.1220E-01
9.4430E+00 -3.4533E-03
9.3230E+00 2.5724E-01
9.9030E+00 5.3513E-02
9.0930E+00 6.2650E-02
9.9930E+00 2.2274E-01
9.2830E+00 1.6486E-02
1.0013E+01 5.3915E-02
8.9630E+00 6.8115E-02
9.3230E+00 -2.6573E-01
1.0193E+01 1.6384E-01
8.9330E+00 -6.7392E-01
9.7930E+00 9.5201E-02
8.8930E+00 -5.4500E-01
9.4330E+00 -2.2712E-01
9.5430E+00 2.9116E-02
9.0330E+00 2.5993E-01
9.3930E+00 -5.0563E-01
9.6930E+00 -3.1194E-04
9.1230E+00 -3.3766E-01
9.4930E+00 -8.6891E-02
9.1330E+00 1.4033E-02
8.9030E+00 6.9150E-02
9.4030E+00 -9.7159E-02
8.9530E+00 -2.0564E-01
9.4830E+00 -8.1184E-02
9.4230E+00 -8.5173E-02
1.0613E+01 8.7178E-02
9.3030E+00 -2.6064E-01
1.0213E+01 2.5987E-01
1.0823E+01 3.0765E-01
9.2030E+00 -4.1653E-01
1.0533E+01 -4.6773E-03
9.1530E+00 -1.4262E-01
8.8530E+00 -5.9163E-01
9.3030E+00 3.0597E-03
9.7430E+00 1.0471E-01
9.9130E+00 1.4019E-01
9.7530E+00 -3.0457E-02
9.3030E+00 -4.1584E-01
9.0930E+00 -1.6367E-01
9.1730E+00 -5.1916E-03
9.2930E+00 2.7234E-01
9.1430E+00 1.2279E-01
1.0103E+01 3.5384E-01
9.2130E+00 3.9232E-01
9.1030E+00 7.4785E-01
9.6430E+00 -2.8667E-01
8.8830E+00 -3.2599E-01
9.2530E+00 -5.0654E-02
8.8930E+00 -3.0381E-01
9.7230E+00 -1.7641E-02
9.2930E+00 2.4698E-01
1.0073E+01 4.0476E-01
9.0330E+00 -3.9657E-02
1.0423E+01 -4.2578E-03
9.4430E+00 -1.0230E-01
9.3330E+00 1.1620E-01
8.8830E+00 -6.2402E-01
9.7830E+00 1.2923E-01
9.5930E+00 3.8513E-02
9.5530E+00 1.1912E-01
1.0033E+01 1.4017E-01
8.8530E+00 -3.3986E-01
9.5130E+00 -3.0180E-01
8.9130E+00 1.5492E+00
8.9330E+00 9.0999E-01
8.9030E+00 -4.0569E-01
8.9930E+00 -2.5617E-01
1.0013E+01 1.2415E-01
9.0330E+00 1.7153E-01
9.3830E+00 -1.9601E-01
9.7130E+00 1.9047E-01
8.9030E+00 -7.8065E-01
1.0023E+01 -1.7200E-01
9.3630E+00 -5.1251E-01
9.6630E+00 -2.6395E-01
9.0330E+00 -6.5306E-01
1.0053E+01 1.6863E-01
9.4130E+00 6.6583E-02
9.4830E+00 7.2028E-01
8.8830E+00 -6.0463E-01
9.5830E+00 1.4768E-02
9.4530E+00 -3.0984E-01
8.9530E+00 7.0347E-01
9.6530E+00 1.0625E-01
8.9330E+00 -4.6894E-01
9.1330E+00 -5.2861E-02
9.1730E+00 -6.0431E-01
9.3430E+00 -4.9389E-02
9.3930E+00 -4.5993E-01
9.0630E+00 -4.5805E-01
8.9830E+00 7.4586E-02
9.3230E+00 -6.7783E-01
9.6030E+00 2.0193E-01
9.3430E+00 -8.1861E-02
9.3330E+00 -4.3103E-01
8.9130E+00 5.8671E-01
9.0930E+00 -2.9479E-01
1.0093E+01 1.2305E+00
9.2630E+00 2.9219E-01
9.9330E+00 -2.4414E-01
9.2630E+00 -7.1134E-02
9.7630E+00 -1.7612E-01
9.4230E+00 -6.8695E-02
9.1330E+00 -4.7593E-01
9.4930E+00 -1.6162E-01
9.0430E+00 -5.2748E-02
1.0023E+01 1.6189E-02
9.2430E+00 -1.0421E-01
8.9430E+00 -3.6675E-02
9.8630E+00 3.4339E-01
8.8630E+00 -3.6180E-01
1.0373E+01 -1.2907E-01
1.0803E+01 1.5062E+00
9.6430E+00 -2.6646E-01
9.3830E+00 1.8176E-01
9.0730E+00 1.0039E-01
1.0173E+01 5.9437E-01
9.6630E+00 2.9982E-01
9.4830E+00 -3.4892E-02
8.9030E+00 -4.3813E-01
9.7130E+00 4.4732E-02
9.9830E+00 1.7233E-01
8.9530E+00 4.0803E-01
9.5730E+00 -2.7910E-02
9.3930E+00 -7.3436E-02
9.0930E+00 -4.6575E-01
9.3630E+00 -2.4247E-01
8.9330E+00 -1.8304E-01
8.8730E+00 -3.1820E-01
8.9430E+00 -7.4035E-02
9.1730E+00 -2.8304E-01
9.7330E+00 -4.2508E-02
1.0933E+01 2.0491E-01
9.5230E+00 3.4545E-01
9.6130E+00 2.8624E-01
8.8730E+00 -1.4251E-01
9.2130E+00 -3.1684E-01
9.4530E+00 7.8366E-02
9.7930E+00 9.9304E-02
9.2030E+00 3.3098E-02
9.5930E+00 -2.4714E-01
1.0303E+01 -6.1401E-02
9.2030E+00 -2.0425E-02
9.5730E+00 -2.0333E-01
9.5630E+00 -5.3648E-02
9.2130E+00 2.7757E-02
9.6030E+00 -3.3707E-01
9.0930E+00 6.1294E-01
9.5130E+00 1.8764E-03
9.9330E+00 -3.0804E-01
9.2930E+00 3.8279E-01
9.4430E+00 -2.6980E-02
9.6430E+00 -4.7910E-01
9.3830E+00 -4.0137E-01
9.9730E+00 -3.1522E-01
9.3330E+00 -2.1839E-01
9.0830E+00 -1.5201E-01
9.1130E+00 7.6422E-01
8.7930E+00 -2.2013E-01
9.4130E+00 -2.1936E-01
9.8830E+00 -1.4674E-01
9.3930E+00 2.0163E-01
9.1930E+00 1.9775E-01
1.0703E+01 3.0486E-02
9.3630E+00 -2.8743E-01
9.3130E+00 -2.9514E-01
8.7830E+00 -1.0870E-02
9.6030E+00 6.1181E-01
9.9030E+00 1.3057E+00
1.0083E+01 3.0283E-01
8.9830E+00 3.7451E-01
9.5030E+00 5.4076E-01
8.8530E+00 -6.2144E-02
9.1630E+00 -1.5690E-01
8.8530E+00 -1.9442E-01
8.9830E+00 -5.4365E-01
9.3930E+00 3.8155E-01
9.1930E+00 -8.9210E-02
9.3430E+00 2.8819E-01
9.4830E+00 -3.1356E-01
9.4830E+00 -4.0753E-01
9.2930E+00 -2.5474E-01
9.8330E+00 -1.0178E-01
9.0830E+00 4.4426E-01
1.0203E+01 4.6124E-01
9.2130E+00 -2.3529E-01
8.8330E+00 -3.2686E-01
1.0533E+01 2.7493E-01
9.5430E+00 3.8051E-03
9.8230E+00 5.5018E-01
9.2930E+00 -2.1568E-01
9.4930E+00 -2.1295E-01
9.3330E+00 -3.7499E-01
9.6030E+00 5.1133E-01
9.6030E+00 -2.3016E-01
9.5630E+00 -2.5803E-01
9.9530E+00 -7.1397E-02
9.0230E+00 2.1767E-01
9.4630E+00 -3.8123E-01
1.0253E+01 7.7288E-01
9.2430E+00 -2.2952E-01
1.0243E+01 -1.4975E-01
9.2830E+00 8.3148E-03
1.0493E+01 3.6548E-01
9.3930E+00 1.1521E-01
9.1130E+00 1.0415E-01
9.7730E+00 -1.5397E-01
9.0030E+00 1.7696E-01
8.9530E+00 -1.7078E-01
9.6530E+00 -4.2801E-01
8.8630E+00 -4.1585E-02
8.7830E+00 -3.7797E-01
9.7230E+00 -4.5617E-02
9.1530E+00 4.3559E-02
9.0330E+00 -1.9523E-01
9.3930E+00 -3.5756E-01
9.8830E+00 -1.5114E-01
9.3630E+00 -2.7848E-01
9.0430E+00 -7.0885E-02
9.1130E+00 9.0530E-01
1.0143E+01 -7.8517E-02
9.1030E+00 5.0676E-01
9.7130E+00 5.1442E-02
8.7830E+00 -2.8963E-01
9.3130E+00 -4.7399E-01
8.8430E+00 -2.4229E-01
9.1330E+00 1.3387E-01
9.5630E+00 1.1613E-01
1.0493E+01 5.6592E-01
1.0323E+01 4.5843E-01
8.9830E+00 -1.1843E-01
1.0253E+01 4.1695E-01
9.4030E+00 -1.2229E-01
9.8030E+00 7.9315E-02
8.9830E+00 9.1625E-02
9.2030E+00 1.8314E-01
1.0293E+01 3.6216E-01
8.9530E+00 1.1822E-01
9.0030E+00 -1.1575E-02
8.9130E+00 -2.4759E-02
9.3430E+00 2.9775E-01
8.9730E+00 -2.8981E-01
9.5930E+00 6.8670E-01
1.0133E+01 7.7068E-01
8.8430E+00 -5.3497E-02
9.1930E+00 -1.7625E-01
1.0113E+01 1.1179E+00
9.4330E+00 -1.9939E-01
8.9730E+00 -4.4640E-01
9.5630E+00 -1.7041E-02
9.1030E+00 -4.7094E-01
9.3030E+00 -3.4394E-01
1.0643E+01 4.4607E-01
9.9430E+00 -1.1906E-02
9.6030E+00 1.4549E-01
9.4530E+00 2.9722E-01
9.4630E+00 -1.9912E-01
8.9930E+00 2.3080E-02
9.4530E+00 -4.7890E-01
9.0130E+00 -2.8132E-01
8.8430E+00 1.3695E+00
1.0233E+01 2.5464E-01
9.3030E+00 3.7202E-01
8.9730E+00 5.3566E-02
9.1830E+00 1.9392E-01
9.4930E+00 3.1707E-01
8.9530E+00 1.3368E+00
9.0530E+00 -3.1320E-01
9.1230E+00 -1.2104E-02
9.1530E+00 -1.4555E-01
9.5430E+00 3.6365E-02
9.2330E+00 -2.4892E-01
9.3030E+00 1.9737E-01
9.2930E+00 -8.0602E-02
9.1130E+00 -1.4728E-01
9.3430E+00 -4.2959E-01
9.3130E+00 -1.5618E-02
9.0830E+00 -3.6851E-01
9.7530E+00 1.9599E-01
9.0130E+00 -7.8033E-01
1.0093E+01 9.2931E-02
9.1130E+00 -2.5417E-01
9.2430E+00 -2.4593E-01
9.0330E+00 4.9761E-02
1.0373E+01 -1.9920E-01
1.0253E+01 -1.8255E-02
9.2530E+00 -2.5068E-01
1.0023E+01 -7.0986E-01
9.1230E+00 7.7775E-02
8.8030E+00 -6.1613E-02
9.5230E+00 1.5369E+00
9.0330E+00 -8.1211E-02
9.2430E+00 -1.7313E-01
9.6030E+00 1.8829E-01
1.0053E+01 -3.1587E-01
9.3030E+00 -4.8897E-01
8.8930E+00 8.0085E-02
9.6530E+00 2.5588E-02
9.7730E+00 1.4953E-02
9.6530E+00 1.2696E-01
9.7330E+00 7.2860E-02
9.7030E+00 6.2060E-04
9.4730E+00 2.9175E-01
9.3230E+00 7.2340E-01
8.9730E+00 2.0676E-02
9.8430E+00 2.7977E-01
9.5330E+00 -1.8205E-01
9.4530E+00 2.3894E-02
9.8730E+00 -6.0293E-03
9.9530E+00 2.2931E-02
9.6530E+00 -2.7493E-01
9.3930E+00 -9.0199E-02
8.9630E+00 -3.7758E-01
9.9130E+00 -7.3617E-02
9.6930E+00 -9.6634E-03
1.0263E+01 3.7952E-01
9.1230E+00 -2.9565E-01
9.5930E+00 2.6666E-01
9.7030E+00 4.2238E-01
9.4930E+00 -2.4408E-02
1.0593E+01 2.8274E-01
8.8530E+00 2.0401E-01
9.5330E+00 8.3954E-02
8.9830E+00 -8.4900E-02
9.8830E+00 1.5947E-01
8.8030E+00 3.1546E-01
9.8030E+00 2.1428E-01
9.2330E+00 1.9389E+00
9.9030E+00 1.6942E-01
9.7830E+00 6.1332E-02
8.9630E+00 1.3101E-01
9.0330E+00 -3.5030E-02
9.3630E+00 1.6915E-01
9.3130E+00 4.7438E-02
8.9930E+00 2.3783E-02
9.0530E+00 6.7707E-02
1.0283E+01 6.5347E-01
1.0063E+01 -1.7483E-01
8.9530E+00 -3.2096E-01
9.3530E+00 -1.1062E-01
9.1030E+00 2.1273E-01
9.8030E+00 -3.0905E-01
9.3430E+00 -4.7988E-02
9.5330E+00 -2.7760E-01
9.1430E+00 -4.9431E-02
8.8030E+00 -2.0638E-01
9.3230E+00 -2.1319E-01
9.1530E+00 -1.8920E-01
9.5930E+00 2.3306E-01
8.9230E+00 1.3836E+00
9.6530E+00 1.6820E-01
9.4930E+00 -9.9033E-02
1.0463E+01 2.9935E-01
9.4430E+00 -1.2582E-01
9.5530E+00 1.7440E-01
8.8730E+00 3.0116E-01
1.0413E+01 5.6425E-01
9.4330E+00 -3.9817E-01
9.0230E+00 -4.7057E-01
9.1130E+00 -3.6131E-01
9.4530E+00 3.3649E-02
8.8030E+00 -2.8017E-01
9.6730E+00 -2.0382E-01
1.0273E+01 1.2796E+00
8.8030E+00 -2.4520E-01
9.5830E+00 -8.0227E-02
9.6030E+00 -1.8027E-01
8.9130E+00 -1.4601E-02
8.7830E+00 -7.9552E-02
9.0630E+00 -7.9519E-02
9.2530E+00 9.1829E-02
9.2730E+00 -2.9031E-01
9.8330E+00 1.7537E-01
9.0830E+00 -2.9624E-01
9.0430E+00 -2.5969E-02
8.8330E+00 7.7179E-02
9.7330E+00 5.8222E-01
1.0363E+01 -2.7095E-01
9.0130E+00 6.0987E-01
9.7730E+00 2.7881E-01
1.0023E+01 1.5279E-01
8.9730E+00 -3.3176E-01
9.6730E+00 -3.6549E-01
9.5830E+00 5.3121E-01
9.7330E+00 7.0790E-01
9.4330E+00 -3.9328E-01
9.2830E+00 -1.7194E-01
9.4630E+00 -1.9645E-01
1.0413E+01 -4.0377E-01
9.9030E+00 3.1056E-01
9.5530E+00 -2.4326E-01
9.9630E+00 -8.5380E-02
9.3430E+00 7.3737E-02
9.1230E+00 -1.1178E-01
9.5230E+00 3.6239E-01
9.1030E+00 -2.5476E-01
1.0153E+01 -2.8728E-01
9.3630E+00 -1.0372E-01
9.8430E+00 3.1530E-02
8.9930E+00 -1.4181E-01
1.0303E+01 1.0251E-01
8.8430E+00 -4.9539E-01
9.2930E+00 2.2505E-01
9.1630E+00 -1.1645E-01
9.5830E+00 2.5780E-01
9.6330E+00 3.1245E-01
9.5030E+00 1.8525E-01
9.0730E+00 1.9229E-01
9.4030E+00 5.4735E-01
8.8230E+00 -4.9016E-03
1.0503E+01 8.2321E-01
8.8330E+00 -6.5166E-01
9.0430E+00 -2.9259E-01
9.0630E+00 -2.1762E-02
9.8830E+00 2.6208E-01
8.8230E+00 -3.6807E-01
9.0330E+00 -2.4911E-01
9.6630E+00 -2.9220E-01
8.9330E+00 1.1391E-01
9.6030E+00 -3.5444E-02
9.0330E+00 1.0626E-01
9.1830E+00 -2.2472E-01
9.4030E+00 -1.1548E-01
8.9130E+00 1.8645E-01
9.5130E+00 4.3325E-01
9.1030E+00 -3.5529E-02
8.7930E+00 -1.7969E-01
9.2730E+00 -5.2420E-02
9.7930E+00 -3.4017E-01
9.8130E+00 1.3391E+00
9.0630E+00 -3.2402E-03
9.8230E+00 9.2635E-01
9.6430E+00 3.9293E-01
9.7230E+00 -3.5766E-01
9.3430E+00 3.0936E-02
9.0130E+00 1.4417E-01
9.2530E+00 4.0662E-02
8.9830E+00 8.3148E-03
9.6030E+00 -8.8061E-02
9.1530E+00 -3.0461E-01
9.0730E+00 7.2864E-02
9.5730E+00 -1.0569E-01
9.4630E+00 4.0848E-01
9.0330E+00 2.3584E-01
9.4430E+00 -7.1577E-02
9.7830E+00 4.1044E-01
9.1230E+00 -3.6394E-01
8.9330E+00 -1.4396E-01
1.0923E+01 2.7752E-01
9.0630E+00 -4.3452E-01
8.7930E+00 -3.8896E-01
9.0730E+00 -1.1335E-01
9.3830E+00 -1.1481E-02
9.8330E+00 8.7309E-02
1.0283E+01 7.5942E-01
1.0403E+01 2.7066E-01
8.9730E+00 -2.7314E-01
8.9630E+00 -3.3457E-02
8.8930E+00 3.6705E-01
9.1630E+00 -1.0245E-02
9.5130E+00 5.9053E-01
9.6230E+00 -7.1648E-02
8.8730E+00 1.7967E-01
9.4930E+00 3.4382E-01
9.8630E+00 1.3789E-02
9.3530E+00 -3.9421E-02
9.3930E+00 3.6651E-01
9.3130E+00 2.1589E-01
9.3130E+00 -4.5929E-01
9.1130E+00 3.2600E-01
9.3130E+00 6.7476E-02
8.9830E+00 -2.3916E-01
9.8330E+00 1.7209E-01
9.1030E+00 -2.4720E-02
9.4530E+00 -7.4649E-02
9.2530E+00 2.0027E-01
9.8930E+00 6.4008E-02
8.9230E+00 -2.7072E-01
9.9430E+00 1.5475E-01
9.8630E+00 -3.4088E-02
1.0153E+01 2.9681E-01
9.3330E+00 -2.9731E-01
1.0443E+01 4.0765E-01
8.8130E+00 -2.5374E-01
9.0030E+00 2.0201E-01
8.9930E+00 -1.6484E-01
9.2730E+00 -1.8621E-01
9.2330E+00 -5.7897E-01
9.9630E+00 4.5706E-01
9.6430E+00 1.9654E-01
1.0113E+01 1.6270E+00
9.3830E+00 6.9130E-01
9.5930E+00 -1.3702E-01
9.4030E+00 3.8052E-02
9.4030E+00 -2.1941E-01
9.8630E+00 7.6174E-02
9.1830E+00 -2.5893E-01
9.3530E+00 5.4839E-02
9.4030E+00 -2.0411E-01
1.0043E+01 1.5594E-01
9.7230E+00 1.8402E-01
1.0173E+01 2.7018E-01
9.5030E+00 1.8666E-01
1.0043E+01 -6.1971E-01
9.3030E+00 1.0118E-01
8.8330E+00 -1.3391E-01
9.0230E+00 1.1758E-01
9.3930E+00 2.4571E-01
9.8230E+00 1.5636E-01
9.5630E+00 7.3244E-01
9.5430E+00 8.5330E-02
9.7330E+00 -3.0912E-01
9.7330E+00 -9.1579E-02
1.0053E+01 6.6970E-03
9.7530E+00 1.4554E-01
9.4030E+00 -3.0704E-03
1.0563E+01 -4.0455E-01
9.3030E+00 -1.5566E-01
8.8430E+00 -1.4880E-01
9.6530E+00 -1.4100E-01
9.2830E+00 9.7788E-02
9.2830E+00 1.4277E-01
8.9230E+00 4.6386E-02
9.8330E+00 -3.7636E-01
8.8730E+00 -1.4108E-01
9.5430E+00 -7.3284E-02
9.6230E+00 -7.4398E-02
9.2730E+00 -2.9132E-01
9.2830E+00 6.8244E-01
9.6730E+00 -1.9879E-01
9.8930E+00 3.5512E-01
9.5630E+00 -1.5260E-01
9.4230E+00 3.1057E-02
9.4530E+00 -1.2845E-01
9.5330E+00 1.1674E+00
9.9130E+00 6.5255E-01
9.6830E+00 4.7045E-01
9.2130E+00 -1.0360E-01
8.9030E+00 -8.9033E-02
9.4230E+00 3.1742E-01
1.0123E+01 4.4775E-01
9.9130E+00 -2.3560E-01
9.8730E+00 -1.8028E-01
9.8430E+00 -2.2454E-01
8.8530E+00 -3.2425E-01
9.3530E+00 1.0275E-01
9.9330E+00 -1.6864E-01
9.7730E+00 7.7723E-01
9.3130E+00 -1.8641E-01
9.3630E+00 1.5797E-01
9.4830E+00 -1.6332E-01
9.3730E+00 -3.9266E-01
9.4130E+00 1.7228E-01
9.0830E+00 -1.6273E-01
9.5630E+00 2.4152E-01
8.9830E+00 2.2584E-01
9.6730E+00 4.6679E-02
9.5230E+00 -1.7872E-01
9.9430E+00 1.3246E-01
9.3930E+00 7.9351E-02
9.0930E+00 -3.0964E-01
8.8630E+00 1.5240E-01
9.2930E+00 -9.4245E-02
9.4930E+00 1.6221E-01
9.5630E+00 -2.4835E-01
9.4330E+00 -3.1136E-01
1.0183E+01 -1.5347E-02
9.5630E+00 -2.3659E-01
9.6030E+00 -8.5167E-02
9.8130E+00 -2.6099E-01
9.4730E+00 7.9232E-02
9.0730E+00 -1.0650E-01
9.4130E+00 -1.2696E-02
1.0433E+01 1.4383E+00
1.0413E+01 3.7189E-01
9.4430E+00 4.6760E-02
9.2130E+00 1.1569E+00
1.0183E+01 1.2172E-01
8.7930E+00 -1.4817E-02
9.3630E+00 3.6912E-02
9.7730E+00 1.4788E-01
9.8430E+00 2.3034E-01
1.0083E+01 5.2813E-02
9.6930E+00 1.6242E-01
9.4130E+00 -3.1000E-01
8.8530E+00 -8.9465E-02
9.2730E+00 4.2634E-01
9.3630E+00 -3.8535E-01
9.5930E+00 6.3179E-02
8.9230E+00 3.1340E-02
9.5230E+00 -4.1632E-01
9.8430E+00 5.2808E-01
9.1030E+00 -1.1599E-01
9.6430E+00 -3.0862E-01
9.9430E+00 4.1047E-01
9.2530E+00 -3.5495E-02
8.9230E+00 -9.3367E-01
9.6730E+00 -2.6482E-01
9.6530E+00 -3.3087E-01
9.2430E+00 -1.2552E-01
9.6530E+00 -3.0122E-02
9.6430E+00 -6.7084E-03
9.4230E+00 2.6589E-01
8.8430E+00 -3.0154E-01
9.6830E+00 -3.0314E-01
9.9630E+00 -2.5795E-01
9.9530E+00 7.4147E-01
9.1230E+00 1.1530E-01
9.4230E+00 -3.3021E-01
9.7530E+00 1.1622E-01
9.5830E+00 -3.5604E-01
9.2230E+00 7.1072E-02
9.1530E+00 -2.6592E-01
8.9130E+00 -2.3224E-01
9.3930E+00 4.6077E-02
1.0023E+01 -7.2512E-03
9.5330E+00 1.2683E-01
9.1130E+00 9.9073E-02
9.0630E+00 -5.6165E-02
9.0730E+00 -5.3804E-01
9.2630E+00 -9.2007E-02
9.7330E+00 2.1570E-01
9.2930E+00 -1.3273E-01
9.6330E+00 3.3297E-01
9.9530E+00 -3.8000E-02
9.7830E+00 2.7562E-01
9.3230E+00 1.7770E-03
8.9430E+00 -6.0500E-01
9.4030E+00 -1.5233E-01
9.0930E+00 -3.2749E-01
9.2430E+00 1.0011E+00
9.7630E+00 -8.4323E-02
9.6230E+00 2.8799E-01
9.9030E+00 1.1423E+00
1.0443E+01 1.3643E-01
9.6430E+00 -3.1363E-01
9.3430E+00 -3.6416E-03
9.1230E+00 2.4224E-01
9.4730E+00 -3.2306E-01
9.1830E+00 -1.2824E-01
9.0830E+00 1.8530E-01
9.1430E+00 3.0079E-01
1.0343E+01 2.3464E-01
9.5430E+00 -2.8166E-02
9.2130E+00 -7.6735E-02
9.1830E+00 -7.2305E-02
8.8330E+00 -1.7962E-01
9.6530E+00 6.9032E-01
9.3930E+00 -2.6293E-01
9.3030E+00 1.0197E-01
9.7730E+00 -7.5319E-02
1.0123E+01 -1.0557E-01
1.0823E+01 5.8228E-01
1.0003E+01 6.5770E-02
9.2130E+00 1.5010E-01
9.5230E+00 -1.5056E-01
9.4830E+00 1.1985E-01
9.2130E+00 -2.5611E-01
9.5130E+00 -3.3400E-01
8.7930E+00 4.8096E-01
9.5130E+00 8.3540E-01
1.0543E+01 1.0737E+00
1.0783E+01 6.3468E-01
1.0253E+01 2.8201E-01
9.7830E+00 1.5621E-01
9.2330E+00 4.2186E-02
9.5630E+00 5.3720E-02
9.2530E+00 -5.6728E-02
8.9030E+00 2.2000E-01
9.3330E+00 -2.3193E-02
8.7830E+00 3.7958E-01
9.6130E+00 2.7196E-01
9.9030E+00 4.7431E-01
8.8030E+00 9.0087E-03
8.8830E+00 -2.4840E-01
9.6630E+00 -6.5333E-03
8.8430E+00 -3.5158E-01
9.7030E+00 2.0948E-01
9.5630E+00 -3.3331E-01
9.3830E+00 -3.4546E-01
9.3330E+00 -1.6205E-01
9.0730E+00 1.1108E-01
9.7830E+00 -5.1438E-01
9.8830E+00 1.8590E-01
9.2730E+00 -2.0178E-01
9.6330E+00 -7.1954E-01
9.2730E+00 9.2086E-03
9.3530E+00 -1.2106E-01
9.7130E+00 -2.3982E-01
9.8730E+00 -3.0293E-01
1.0643E+01 2.5273E-01
9.0830E+00 -7.7687E-02
9.2930E+00 9.6455E-02
8.9630E+00 2.6818E-01
9.7830E+00 2.7025E-01
9.4330E+00 3.5741E-01
9.3730E+00 1.1156E-01
9.4230E+00 -3.8694E-02
1.0763E+01 5.3452E-01
1.0853E+01 4.5814E-01
9.3830E+00 -1.7933E-01
9.6430E+00 3.8871E-01
8.7830E+00 -5.9462E-01
1.0913E+01 -1.0529E-01
1.0233E+01 6.2792E-01
9.7230E+00 -1.3005E-02
9.2730E+00 -8.1807E-02
9.5530E+00 3.2648E-01
8.9530E+00 -9.9694E-02
9.3530E+00 1.5266E-01
9.1730E+00 -1.1720E-01
9.6730E+00 -1.0344E-01
9.8230E+00 6.8424E-03
9.3430E+00 3.0473E-01
9.3730E+00 1.8373E-01
9.4530E+00 2.2020E-02
9.5530E+00 -5.6849E-01
1.0353E+01 4.9963E-01
9.3030E+00 -6.4205E-03
9.8730E+00 7.6535E-02
8.9530E+00 -3.8510E-03
9.4530E+00 3.6328E-03
9.4830E+00 -2.7314E-01
9.3330E+00 1.0254E-01
9.4330E+00 2.3813E-01
9.6530E+00 -6.5384E-01
9.0030E+00 -2.3447E-01
9.3030E+00 1.1051E-01
9.0830E+00 2.4030E-01
9.2130E+00 -1.7015E-01
1.0093E+01 1.8299E-01
1.0203E+01 2.2558E-01
9.3930E+00 -4.1044E-01
9.2230E+00 -5.7221E-01
9.8230E+00 2.7683E-01
9.1930E+00 -4.0160E-01
9.4930E+00 6.3635E-01
9.1030E+00 2.5048E-01
8.9030E+00 1.6313E-01
9.8030E+00 -2.1036E-01
9.1930E+00 1.1408E-01
8.8730E+00 -5.4491E-01
9.9130E+00 -4.2667E-02
9.7730E+00 -2.4933E-02
1.0163E+01 6.6535E-02
1.0163E+01 5.0290E-01
9.5430E+00 2.6495E-01
9.6530E+00 6.6313E-01
9.0830E+00 1.6965E-01
9.1730E+00 -2.8228E-01
9.7730E+00 -4.3189E-01
8.8730E+00 3.4390E-03
9.8930E+00 8.6500E-01
9.5930E+00 -2.2245E-01
9.2630E+00 -8.3827E-02
9.9230E+00 -3.6037E-01
1.0193E+01 2.2532E-01
1.0703E+01 3.2736E-01
9.3730E+00 8.5815E-02
9.6230E+00 -1.0432E-01
9.3330E+00 5.1974E-02
9.7730E+00 -3.6549E-02
9.4130E+00 -1.4175E-01
1.0283E+01 1.5988E-02
9.8730E+00 8.7806E-02
9.2030E+00 2.1056E-01
9.8330E+00 2.1414E-01
9.9830E+00 -6.0791E-02
9.1430E+00 -1.9668E-01
1.0563E+01 3.7716E-01
1.1733E+01 7.4154E-01
9.7130E+00 -1.8199E-01
9.4430E+00 -2.4900E-02
9.0430E+00 -4.9525E-01
9.4330E+00 -3.2079E-01
9.6430E+00 -1.7174E-01
9.3430E+00 -3.5722E-01
8.8330E+00 1.5722E-01
9.7830E+00 6.2962E-02
8.9930E+00 -1.1934E-01
9.5030E+00 -2.8263E-01
9.4630E+00 2.2996E-01
9.8430E+00 -1.3393E-01
8.8730E+00 -2.9937E-01
9.5230E+00 7.6120E-02
9.6130E+00 -1.2229E-01
9.2230E+00 -1.3870E-01
9.3830E+00 -8.6811E-02
9.4230E+00 2.2615E-01
1.0653E+01 1.2337E-01
9.7230E+00 6.7164E-02
9.6030E+00 -4.4041E-01
8.7830E+00 -3.7514E-01
8.8430E+00 6.8387E-01
9.5130E+00 2.7872E-01
9.0730E+00 6.4870E-02
8.8130E+00 3.3522E-01
9.4830E+00 1.7147E-01
8.8530E+00 -1.3221E-01
9.5330E+00 -3.4289E-01
9.3130E+00 -1.9133E-01
1.0413E+01 9.7008E-01
9.1730E+00 -4.5257E-02
9.3830E+00 2.8343E-01
8.8530E+00 -5.5870E-02
9.1130E+00 2.0752E-01
9.0130E+00 4.2557E-01
9.7630E+00 -2.9820E-01
8.8730E+00 -5.8025E-02
1.0073E+01 -8.6783E-02
8.8330E+00 -1.8669E-02
9.4930E+00 1.1591E-01
9.8730E+00 5.5112E-01
1.0983E+01 -6.8211E-01
9.8130E+00 -2.0696E-01
9.3330E+00 3.1259E-01
9.7030E+00 2.3322E-02
8.8230E+00 1.3040E-01
8.9330E+00 -5.9868E-01
9.5130E+00 8.1671E-02
9.7530E+00 -2.2130E-01
9.6830E+00 1.0519E+00
9.1430E+00 3.4240E-01
9.6830E+00 3.8681E-01
9.1330E+00 -1.5393E-02
9.5930E+00 2.9556E-01
1.1253E+01 3.8889E-01
9.0330E+00 -5.9208E-02
9.6430E+00 -5.6476E-01
9.6530E+00 -2.2818E-01
9.6630E+00 -1.0762E-02
9.1330E+00 -2.5955E-01
9.2830E+00 -3.3700E-01
9.5230E+00 2.3932E-01
9.5530E+00 7.2390E-02
9.1330E+00 1.4719E-01
9.7230E+00 1.6922E-01
9.0430E+00 2.8788E-01
9.5330E+00 -2.2492E-01
9.2530E+00 -9.1583E-02
9.1330E+00 -2.3690E-01
9.5730E+00 -2.4962E-01
9.2730E+00 3.0360E-01
9.6330E+00 -1.3263E-01
1.0523E+01 3.9442E-02
9.6430E+00 2.7708E-01
9.1530E+00 -1.0961E-01
9.8430E+00 -3.5096E-01
1.0123E+01 1.1019E-01
9.0330E+00 -1.4573E-01
9.6430E+00 3.9444E-01
9.5430E+00 4.7898E-03
9.2930E+00 2.5719E-02
9.9130E+00 6.1515E-01
9.1530E+00 3.8714E-01
9.0530E+00 1.7676E-01
9.5930E+00 -3.4683E-01
9.3730E+00 2.0531E-01
9.7630E+00 2.7634E-01
9.8130E+00 8.7938E-02
9.0030E+00 -3.0412E-01
9.3230E+00 -1.6294E-01
1.0953E+01 -3.3303E-01
1.0223E+01 2.8593E-01
9.4230E+00 1.7240E-01
1.0033E+01 2.7261E-01
9.0030E+00 6.6210E-02
9.6630E+00 1.6854E-01
9.0430E+00 1.7817E-01
9.6430E+00 1.6759E-01
8.9730E+00 -2.5058E-01
9.1530E+00 5.6390E-02
9.7030E+00 3.2909E-02
1.0653E+01 5.2843E-01
9.4030E+00 1.0600E-01
1.0053E+01 1.5286E-01
9.7830E+00 -1.7059E-01
9.1530E+00 -4.1052E-01
9.3430E+00 -9.9509E-02
9.5330E+00 1.4741E-01
1.0143E+01 1.8904E-01
9.6130E+00 4.2081E-01
1.0153E+01 -5.4329E-02
8.8930E+00 -5.3942E-01
9.7530E+00 -7.3670E-01
8.8030E+00 -2.3965E-01
9.2730E+00 2.5089E-02
1.0093E+01 1.1331E+00
8.9830E+00 -2.8725E-01
9.5130E+00 1.7467E-02
8.9130E+00 2.6159E-01
9.9230E+00 1.5869E-01
9.3930E+00 1.2006E-02
9.6030E+00 -6.6326E-03
9.6730E+00 1.5910E-01
8.8830E+00 -2.0338E-01
9.5730E+00 4.8034E-01
9.4330E+00 -1.3627E-01
9.3830E+00 -3.2454E-01
8.8030E+00 -1.0072E+00
8.7930E+00 1.7697E-01
9.6030E+00 3.1962E-01
9.6630E+00 1.4806E-01
9.6430E+00 1.4245E-01
1.0053E+01 1.2298E-01
9.0430E+00 -1.3565E-01
9.5830E+00 -7.7489E-02
9.0430E+00 -6.5459E-02
9.3130E+00 -6.9135E-01
9.2130E+00 3.5021E-01
9.6430E+00 -3.3601E-01
9.5630E+00 1.9992E-02
9.5730E+00 -3.4905E-01
9.1830E+00 4.3038E-01
8.8030E+00 -2.6931E-01
1.0033E+01 4.7982E-01
9.7030E+00 -3.1450E-01
9.8130E+00 -1.9817E-01
9.6330E+00 2.8588E-02
9.8230E+00 1.1584E+00
9.3430E+00 1.7705E-02
9.9130E+00 1.6715E-01
8.8930E+00 -4.6775E-01
9.1530E+00 -2.4813E-01
9.3330E+00 -1.4149E-01
9.2430E+00 -3.1114E-01
9.7730E+00 1.9567E-01
9.7630E+00 -2.2595E-01
9.4730E+00 -1.5012E-01
9.4430E+00 -9.7491E-02
9.4130E+00 -4.4609E-01
9.0430E+00 -1.3028E-01
9.6830E+00 2.2246E-01
9.3630E+00 -1.7051E-01
9.6430E+00 2.2508E-01
9.8730E+00 5.5734E-01
1.0223E+01 -1.7470E-01
9.6130E+00 -1.7946E-01
9.0230E+00 -1.4785E-01
1.0263E+01 2.8807E-01
1.0503E+01 -1.0157E-01
9.6130E+00 -2.5958E-01
9.6830E+00 5.3559E-02
9.7530E+00 1.8121E-01
8.8030E+00 -1.0680E-01
9.4730E+00 -3.3123E-01
9.3730E+00 -1.5459E-01
9.6930E+00 -1.9324E-01
9.5230E+00 1.0702E-01
9.3830E+00 -1.8129E-01
1.0893E+01 2.0291E-01
1.0283E+01 -4.7825E-01
9.2230E+00 3.6340E-01
9.2030E+00 -5.6963E-01
9.4930E+00 -1.4288E-01
9.4830E+00 1.2703E-01
9.2330E+00 -3.2722E-01
9.8430E+00 -1.2135E-01
9.4030E+00 1.6059E+00
1.0353E+01 3.5458E-01
9.9430E+00 4.1166E-01
9.7330E+00 -2.6963E-02
9.4730E+00 3.3520E-02
1.0413E+01 1.8624E-01
9.4330E+00 -4.8361E-01
9.5330E+00 -3.5582E-01
9.2830E+00 4.4835E-01
9.4430E+00 -3.3121E-01
9.1130E+00 4.1561E-01
9.8330E+00 -3.0630E-02
1.0473E+01 2.9505E-01
9.0130E+00 -1.7032E-01
8.9130E+00 8.8865E-01
9.3730E+00 3.2236E-01
8.8230E+00 -6.5627E-02
9.4230E+00 -3.8252E-01
9.5130E+00 -7.6260E-02
9.0130E+00 1.3661E+00
9.6030E+00 2.0742E-01
1.0593E+01 -2.1055E-01
9.1330E+00 -7.3633E-02
8.9330E+00 -4.4216E-01
9.1030E+00 1.0407E-01
9.3030E+00 -4.6989E-01
8.9130E+00 -1.6376E-02
9.9230E+00 -1.2683E-01
9.1830E+00 -2.3941E-01
9.5930E+00 1.0432E-01
9.2230E+00 -3.5910E-01
9.8530E+00 1.0522E+00
9.8630E+00 5.2619E-01
1.0183E+01 -8.3012E-02
9.5530E+00 -3.9901E-01
9.5830E+00 -9.9291E-02
1.0293E+01 3.1700E-01
9.6330E+00 9.9266E-02
9.2630E+00 2.2939E-02
8.8130E+00 -3.9954E-01
9.6630E+00 2.4187E-01
9.2730E+00 -2.3273E-01
9.5530E+00 2.4647E-01
9.6630E+00 -3.2219E-01
1.0833E+01 2.4702E-01
9.9330E+00 -3.0586E-01
9.1730E+00 1.1998E-01
8.9730E+00 -2.0190E-01
9.2730E+00 4.5095E-01
9.2030E+00 -8.5032E-03
9.0530E+00 -1.7429E-01
9.2230E+00 -5.7084E-01
9.6030E+00 -1.4130E-01
8.7930E+00 -3.2373E-01
9.3330E+00 -2.7559E-01
1.0403E+01 1.7345E-01
9.7030E+00 1.0218E-01
8.8530E+00 1.0885E-01
8.9330E+00 -3.3282E-02
8.8930E+00 3.8975E-01
9.1230E+00 -3.7903E-01
1.0833E+01 2.8072E-01
9.8730E+00 8.9029E-02
9.9930E+00 1.4695E-01
9.5930E+00 -1.4930E-01
9.1630E+00 3.5054E-01
1.0273E+01 -4.2261E-01
9.9030E+00 -4.6343E-01
9.3930E+00 -6.9550E-01
1.0003E+01 -7.4093E-01
8.9330E+00 -5.3538E-02
9.2230E+00 3.3657E-01
9.6130E+00 -6.3554E-02
9.0330E+00 -1.4607E-01
1.0093E+01 1.1245E-01
9.3530E+00 2.1694E-02
9.3430E+00 -2.7052E-01
9.7230E+00 -2.0510E-02
9.9230E+00 1.4333E-01
1.0403E+01 1.3571E+00
1.0853E+01 4.9424E-01
8.9730E+00 8.8363E-02
9.1130E+00 -1.2980E-01
9.7030E+00 5.4247E-01
9.4730E+00 2.0219E-01
9.2130E+00 9.4656E-02
9.4230E+00 -2.0165E-01
9.3930E+00 -1.9477E-01
1.0513E+01 -5.8196E-02
9.2730E+00 3.9109E-02
9.3630E+00 -1.5926E-01
9.5730E+00 7.5135E-01
1.0193E+01 3.2605E-01
9.2430E+00 -9.3090E-02
9.5130E+00 -8.9222E-02
9.3430E+00 -2.0382E-01
8.7830E+00 1.1620E-01
9.0130E+00 -1.3730E-02
9.1530E+00 -3.5428E-01
1.0143E+01 4.7697E-01
9.0030E+00 -1.5003E-01
8.7930E+00 -4.4447E-02
8.8130E+00 -2.2110E-01
8.8730E+00 -4.1079E-01
9.0730E+00 -1.5172E-01
9.4730E+00 2.2680E-02
9.8530E+00 3.4201E-01
8.8230E+00 -5.3838E-01
9.5130E+00 9.1321E-03
9.3130E+00 -1.9400E-03
9.9030E+00 3.5148E-01
9.1130E+00 -3.4765E-01
9.0230E+00 -5.9252E-01
9.1930E+00 -4.5870E-01
1.0653E+01 4.6394E-01
9.1330E+00 -5.6390E-02
9.9630E+00 3.3691E-01
9.2830E+00 -3.4698E-01
9.2130E+00 -2.0572E-01
9.4930E+00 9.1723E-02
9.0030E+00 -3.5777E-01
9.7530E+00 2.4916E-01
9.9630E+00 3.2749E-01
1.0073E+01 1.3533E+00
8.9030E+00 -3.4700E-02
9.8430E+00 -1.8072E-01
9.1930E+00 -6.9810E-02
1.0023E+01 2.6020E-01
9.8330E+00 9.4723E-01
8.9330E+00 1.1797E-03
9.8230E+00 -5.5440E-02
9.3330E+00 -9.9886E-02
1.0053E+01 1.7260E-01
9.3130E+00 2.0733E-01
9.3730E+00 -3.4962E-01
9.4830E+00 -5.2890E-01
9.0730E+00 -1.1142E-01
9.0530E+00 -2.0926E-02
1.0533E+01 3.6366E-01
8.9730E+00 -3.7713E-02
8.9230E+00 1.7267E-02
9.9230E+00 -1.4198E-01
9.3330E+00 7.8281E-01
9.2830E+00 -1.8853E-01
9.2730E+00 1.7378E-01
9.6030E+00 7.3168E-02
9.0330E+00 -3.7876E-01
9.2430E+00 2.2232E-01
8.9930E+00 -3.6929E-01
9.5130E+00 9.4806E-03
1.0273E+01 -1.4625E-02
8.9830E+00 -6.1720E-01
9.6330E+00 5.0861E-03
9.6130E+00 -2.1310E-01
9.2930E+00 1.8980E-01
8.8130E+00 -3.4319E-01
9.5730E+00 9.5661E-02
9.3230E+00 4.0369E-02
9.0130E+00 -6.6204E-01
9.3130E+00 5.0608E-02
9.7230E+00 -2.9157E-01
9.2130E+00 1.0457E-01
9.7430E+00 5.8315E-01
9.6530E+00 -3.3177E-01
9.4230E+00 2.5805E-02
9.0230E+00 -3.9425E-01
9.7430E+00 6.9454E-01
8.9630E+00 2.2172E-01
9.3430E+00 2.1408E-02
1.0323E+01 2.5082E-01
9.9030E+00 1.0214E-01
9.0230E+00 3.7617E-01
8.7830E+00 1.1440E-01
9.5730E+00 1.0412E-01
9.6130E+00 8.4851E-02
9.7330E+00 -8.8905E-03
9.7930E+00 8.9866E-02
9.9230E+00 -9.7477E-02
9.0030E+00 -5.8068E-02
9.6430E+00 -2.1742E-01
9.0430E+00 -1.8100E-01
9.2930E+00 4.4422E-01
9.2630E+00 -2.7972E-01
9.4930E+00 -7.2638E-02
9.7530E+00 -6.1836E-02
9.4030E+00 4.6090E-01
1.0143E+01 -2.0317E-01
9.8130E+00 7.2859E-01
1.0093E+01 -3.5137E-01
9.5130E+00 1.3938E+00
9.2430E+00 -3.7665E-02
9.5030E+00 -1.2885E-01
9.2730E+00 3.3427E-01
9.6330E+00 3.5425E-01
9.4930E+00 -1.8409E-01
1.0053E+01 -2.0906E-01
9.9830E+00 -1.6640E-01
9.7330E+00 -5.2955E-02
9.7130E+00 2.0211E-01
1.0313E+01 3.6919E-01
9.4130E+00 7.6666E-02
1.0273E+01 8.4426E-02
1.0143E+01 3.7115E-01
9.7330E+00 3.4314E-01
1.0623E+01 3.3906E-01
9.1130E+00 -1.7818E-01
9.1830E+00 -5.0202E-01
1.0063E+01 -4.1376E-02
9.8630E+00 -3.0533E-01
9.2730E+00 -6.1796E-01
9.1030E+00 -3.0012E-01
9.2630E+00 2.2423E-01
9.1130E+00 -1.6184E-01
9.2830E+00 -3.6686E-01
1.0393E+01 -3.9007E-01
9.4430E+00 1.7915E-01
9.5730E+00 9.3222E-02
9.2830E+00 2.2076E-01
9.8630E+00 -1.5131E-01
9.7530E+00 -1.3232E-01
9.2530E+00 -3.7976E-02
9.1430E+00 -3.1426E-01
9.3530E+00 -8.0467E-01
9.7330E+00 6.7797E-01
9.7030E+00 2.4273E-01
