# ShibuyaData>	col 0: Mass	col 1: Size	Between redshifts 3.0 and 4.0
9.5130E+00 2.6293E-01
1.0613E+01 -1.0354E-01
9.3730E+00 -2.7240E-01
1.0163E+01 1.7060E-01
9.8630E+00 -1.5007E-01
9.1230E+00 -7.7069E-02
9.3030E+00 1.0184E-01
9.5230E+00 -2.5331E-01
1.0473E+01 -1.2180E-01
9.3230E+00 -9.5786E-02
1.0223E+01 -6.6455E-02
9.1930E+00 4.1407E-03
1.0123E+01 -1.0525E-01
9.2530E+00 -3.2648E-02
1.0503E+01 -4.9336E-01
9.6730E+00 2.1920E-01
9.7630E+00 -3.9485E-01
9.6830E+00 -2.8121E-01
1.0083E+01 -4.7061E-01
9.3230E+00 -1.8307E-01
9.8730E+00 4.9606E-02
9.4130E+00 4.8927E-01
1.0153E+01 -1.9867E-01
1.0143E+01 -1.4787E-01
9.2630E+00 -2.0848E-01
1.0013E+01 6.8190E-02
9.9130E+00 -1.4234E-01
9.7330E+00 6.9612E-01
9.9930E+00 8.8450E-01
9.4830E+00 7.0503E-02
9.3130E+00 -1.3417E-01
9.9730E+00 -2.6777E-01
9.3830E+00 -3.7760E-01
9.4130E+00 -4.8732E-01
9.8730E+00 -3.9257E-01
9.4030E+00 -4.8357E-01
9.1930E+00 -8.4788E-01
1.0033E+01 -1.0135E+00
9.3030E+00 -3.7458E-01
9.9130E+00 -2.4165E-01
9.4330E+00 -4.5819E-01
9.6730E+00 3.5674E-02
1.0093E+01 -1.6040E-02
9.6430E+00 -5.2132E-01
1.0143E+01 3.2828E-02
9.4030E+00 1.1454E-01
1.0363E+01 1.1225E-01
1.0273E+01 1.7892E-01
9.8030E+00 2.1184E-01
9.5730E+00 -3.6050E-01
1.0413E+01 4.0918E-01
9.6530E+00 4.1391E-01
9.1430E+00 -7.1194E-02
9.5930E+00 5.2055E-01
9.3730E+00 2.5081E-01
9.9930E+00 1.1126E-01
1.0073E+01 6.7035E-01
9.4830E+00 2.1834E-01
1.0723E+01 -6.0814E-01
9.2730E+00 -2.4923E-01
9.8830E+00 3.2967E-01
9.4430E+00 -8.6067E-02
9.8830E+00 1.9172E-01
9.6130E+00 -2.0612E-01
9.4530E+00 -1.0575E-01
9.7930E+00 -1.2945E-01
9.9030E+00 -4.9724E-01
9.7130E+00 -2.1687E-02
9.3630E+00 -1.1629E-01
9.4530E+00 2.3068E-01
9.5830E+00 -4.7173E-02
1.0703E+01 4.8456E-01
9.7130E+00 1.1933E+00
9.0830E+00 -8.6042E-03
9.1430E+00 4.5131E-02
9.7330E+00 -7.0445E-01
9.7030E+00 -1.7872E-01
9.9030E+00 2.9201E-02
9.6930E+00 -2.1842E-01
1.0063E+01 -3.6518E-01
9.5830E+00 1.3765E-01
9.5430E+00 -7.2980E-02
9.8830E+00 2.1088E-01
9.4830E+00 -9.0042E-01
9.8330E+00 -5.6134E-01
9.5230E+00 -6.8435E-01
9.6630E+00 1.1211E-01
9.0930E+00 -5.0671E-01
1.0523E+01 3.8950E-01
9.2430E+00 -2.1810E-01
9.7730E+00 1.6350E-01
1.0263E+01 -4.3814E-01
9.4230E+00 1.0133E-01
9.6430E+00 1.0291E-01
9.6330E+00 1.9273E-01
9.8830E+00 -4.6835E-02
9.3630E+00 -5.2166E-02
1.0603E+01 4.3567E-01
9.7430E+00 2.5469E-01
1.0703E+01 3.6668E-01
9.4530E+00 -1.4555E-02
1.1173E+01 6.3031E-01
9.1330E+00 1.3592E-01
9.9430E+00 6.4765E-02
9.5430E+00 -1.6539E-01
9.2630E+00 1.6967E+00
9.5130E+00 -6.1546E-01
9.6230E+00 -7.0437E-01
9.3730E+00 -2.7330E-01
1.0323E+01 1.4679E-01
1.0473E+01 3.1880E-01
9.8830E+00 3.2112E-01
1.0143E+01 -1.3109E-01
9.8430E+00 -1.5847E-01
9.2530E+00 2.4113E-01
9.5930E+00 -3.8034E-01
1.0703E+01 4.1464E-01
9.0930E+00 -1.5675E-01
1.0063E+01 -3.6761E-01
9.4230E+00 1.9594E-01
9.3730E+00 -3.0786E-01
1.0183E+01 2.2841E-01
9.7230E+00 4.9144E-03
1.0043E+01 8.0185E-01
9.7430E+00 -1.9671E-01
9.1730E+00 -2.1519E-01
1.0213E+01 -1.1548E-01
9.1530E+00 1.5599E-01
9.7830E+00 9.0850E-02
9.4930E+00 -3.1729E-01
9.2430E+00 -1.7747E-01
1.0003E+01 -3.8088E-01
9.4130E+00 -1.4247E-01
1.0143E+01 1.2415E-02
9.6030E+00 -6.0771E-02
1.0043E+01 -1.2837E-01
9.8330E+00 -1.5126E-01
9.6830E+00 -4.7183E-01
9.9430E+00 -1.1332E-01
9.0930E+00 -6.2971E-01
9.1130E+00 -1.9357E-01
9.6030E+00 -7.3042E-01
1.0103E+01 -5.7788E-03
9.9930E+00 -2.1031E-01
1.0193E+01 1.1376E+00
1.0113E+01 -2.5317E-01
9.2330E+00 -2.1084E-01
9.9430E+00 4.3257E-01
9.7430E+00 -3.7472E-01
9.5530E+00 7.8192E-02
9.8530E+00 2.4156E-01
9.2030E+00 1.1632E-01
9.5530E+00 -3.9919E-01
9.7530E+00 1.3521E-01
9.2930E+00 6.5748E-02
9.4430E+00 1.2808E-02
9.2630E+00 -6.1071E-01
9.6430E+00 -9.8798E-01
1.0123E+01 -1.2670E-01
9.4430E+00 -9.4253E-02
9.9230E+00 1.4339E-01
1.0303E+01 3.1258E-04
9.7430E+00 1.3851E-01
9.6730E+00 -3.3126E-01
9.8730E+00 1.3182E+00
9.2230E+00 -1.4669E-01
9.3430E+00 -1.8748E-01
9.3730E+00 1.4678E-01
1.0223E+01 2.7007E-01
9.8730E+00 8.0384E-01
9.3330E+00 -2.0922E-01
9.5330E+00 2.6764E-01
9.6530E+00 2.1629E-01
9.2630E+00 1.4652E-01
9.5530E+00 -3.1234E-01
9.4830E+00 2.2183E-01
9.9530E+00 4.2125E-01
9.9230E+00 -3.2321E-01
9.7230E+00 -1.3092E-01
9.5530E+00 3.8655E-01
9.2530E+00 1.7910E-01
9.4230E+00 -2.4452E-01
9.7130E+00 4.7241E-01
1.0223E+01 -9.0020E-01
9.9130E+00 5.2904E-01
9.5730E+00 -6.2018E-02
9.8230E+00 3.6816E-01
9.3630E+00 -1.6622E-01
9.2830E+00 8.7615E-02
9.3330E+00 -2.3937E-01
9.3930E+00 -2.0694E-01
9.8630E+00 6.6326E-02
1.0273E+01 -1.1421E-01
9.1230E+00 -2.6139E-01
9.9030E+00 -1.0095E-02
9.4230E+00 -4.6790E-01
9.8630E+00 -3.6310E-02
9.9730E+00 2.6623E-01
1.0013E+01 3.4596E-02
1.0603E+01 -4.6955E-02
1.0013E+01 -3.3739E-01
9.9030E+00 -3.2267E-01
9.7330E+00 -3.1170E-01
9.5830E+00 -1.4830E-03
1.0633E+01 1.1588E+00
1.0693E+01 -7.8837E-02
9.7430E+00 -7.0606E-02
9.1930E+00 -4.4490E-01
9.2730E+00 -6.9544E-02
9.2130E+00 -2.2168E-01
9.5430E+00 3.0507E-01
9.2130E+00 -8.1743E-03
9.8230E+00 -3.5541E-01
9.8630E+00 2.7125E-02
9.3230E+00 9.1962E-02
9.9930E+00 -4.0695E-01
9.3330E+00 1.6130E-01
9.3430E+00 -3.5647E-02
9.2630E+00 -1.2628E-01
9.9130E+00 -4.2780E-02
1.0103E+01 -3.8236E-01
1.0633E+01 1.8287E-01
9.3530E+00 2.0383E-01
1.0283E+01 1.0419E-02
9.1030E+00 -4.6472E-01
9.6930E+00 3.4096E-01
9.8730E+00 1.3705E-01
9.5230E+00 -2.8342E-01
9.8230E+00 -2.5514E-01
9.5630E+00 -3.7451E-01
9.5230E+00 3.5626E-01
1.0523E+01 5.5279E-01
9.8130E+00 2.7320E-01
1.0253E+01 -4.5991E-01
1.0133E+01 -1.7701E-01
9.7830E+00 -6.9987E-01
9.8630E+00 -3.0057E-03
1.0003E+01 3.7153E-01
9.7730E+00 -4.6531E-02
9.2630E+00 -2.1041E-01
9.2230E+00 3.8004E-01
9.2830E+00 -1.5297E-01
9.6730E+00 -2.5861E-01
9.9930E+00 -3.7222E-01
9.7530E+00 -9.0956E-02
9.6930E+00 1.1249E-02
9.7030E+00 3.6889E-01
9.1230E+00 1.9870E-01
1.0203E+01 2.6345E-01
9.6830E+00 2.3843E-01
1.0343E+01 -2.2227E-01
9.4430E+00 3.2118E-01
9.1130E+00 -1.8359E-01
9.9730E+00 7.6484E-02
9.8030E+00 1.1093E-01
9.3530E+00 4.8961E-01
9.3830E+00 -1.5066E-01
9.2630E+00 -3.2705E-01
9.4830E+00 -6.7503E-03
9.8530E+00 9.2082E-02
9.2830E+00 -2.1656E-01
9.9530E+00 -3.6579E-01
1.0103E+01 1.2435E-01
9.2430E+00 5.0213E-02
9.5330E+00 -9.1104E-02
9.8130E+00 -1.1039E-02
9.9130E+00 -6.2679E-01
9.1330E+00 3.5330E-02
1.0473E+01 4.6366E-02
9.3230E+00 -1.3974E-01
9.5430E+00 5.6016E-01
9.3530E+00 -4.7932E-01
1.0633E+01 7.7407E-01
9.6930E+00 2.4052E-01
1.0223E+01 2.5374E-01
9.1130E+00 7.8986E-02
1.0113E+01 -1.0069E+00
9.2830E+00 -8.4206E-02
9.5630E+00 -1.3064E-01
1.0163E+01 3.5582E-02
9.7430E+00 -9.3229E-01
9.8130E+00 -1.2242E-01
1.0833E+01 -8.5954E-02
9.5130E+00 1.1031E+00
9.4730E+00 4.5671E-01
1.0373E+01 -1.0259E-01
9.4530E+00 -4.8498E-01
9.6530E+00 -1.0298E-01
9.1130E+00 -5.1171E-02
9.5330E+00 -4.0888E-01
1.0243E+01 2.2335E-01
9.3430E+00 6.1566E-02
9.8130E+00 7.6061E-02
9.7230E+00 -1.1954E-01
1.0053E+01 -7.4705E-01
9.8430E+00 1.1645E+00
1.0333E+01 -4.4180E-02
9.5530E+00 -3.1907E-01
9.0930E+00 -2.6622E-01
9.7030E+00 -1.2388E-01
9.3730E+00 -9.9053E-01
1.0103E+01 -2.1534E-02
9.8930E+00 -1.4251E-01
9.2830E+00 -8.3376E-03
9.4030E+00 -1.5820E-01
9.3930E+00 -4.6372E-01
9.2730E+00 6.3562E-02
9.1430E+00 -2.3533E-01
9.4130E+00 -3.2887E-01
9.6830E+00 4.3310E-01
9.7930E+00 -1.7527E-01
9.3630E+00 -6.6307E-02
1.0673E+01 3.3983E-01
9.7930E+00 8.7210E-02
9.5030E+00 6.7658E-02
9.6330E+00 -4.0600E-03
9.2230E+00 -2.6729E-01
1.0003E+01 4.6327E-01
9.9330E+00 -7.2428E-02
9.2430E+00 7.7233E-02
9.7430E+00 4.4999E-01
9.8030E+00 2.5323E-01
9.2930E+00 2.1323E-01
1.0223E+01 3.1871E-01
9.2230E+00 5.8111E-02
1.0063E+01 -1.7550E-01
9.4030E+00 -5.7055E-02
9.9530E+00 -3.1830E-01
9.6730E+00 4.6245E-01
9.4430E+00 -3.7301E-01
9.3830E+00 3.2981E-01
1.0023E+01 -3.8829E-01
9.6130E+00 -4.9002E-01
9.8230E+00 -3.2359E-01
9.4330E+00 3.3904E-01
9.3430E+00 1.9979E-01
9.7330E+00 7.3252E-03
1.0193E+01 -4.0794E-02
9.5330E+00 -2.4916E-01
9.7330E+00 -9.9259E-02
9.9130E+00 -5.1159E-01
9.9930E+00 -1.3876E-01
9.2030E+00 -1.0051E-01
9.1030E+00 -7.4431E-02
9.0930E+00 7.1930E-02
9.7230E+00 1.7551E-01
9.5130E+00 -5.0646E-01
1.0243E+01 3.8137E-01
9.8930E+00 -1.9344E-01
9.7930E+00 -1.8305E-01
9.6930E+00 2.5528E-01
9.8230E+00 7.7517E-01
9.5630E+00 8.7107E-02
9.5330E+00 -3.0702E-01
9.5830E+00 -9.3654E-01
9.1630E+00 -6.1262E-02
9.7830E+00 -8.4304E-02
1.0333E+01 9.0670E-01
9.2130E+00 -5.0462E-01
9.1130E+00 -3.8059E-01
9.0830E+00 -7.8848E-02
9.8030E+00 -4.9801E-02
9.8430E+00 -4.6497E-01
1.0463E+01 -5.7720E-01
1.0233E+01 1.1109E-01
9.9830E+00 -2.1160E-01
9.4330E+00 1.7077E-01
9.6730E+00 -2.9237E-01
1.0213E+01 4.4230E-01
1.0093E+01 4.7103E-01
9.8930E+00 -9.5994E-02
1.0033E+01 -5.7702E-02
9.4030E+00 -4.0274E-01
9.3330E+00 -6.6195E-01
9.1930E+00 -4.2975E-01
1.0313E+01 8.5042E-01
1.0483E+01 -5.2607E-01
9.7330E+00 1.0892E+00
9.7330E+00 1.3107E-01
9.2530E+00 -1.8833E-01
9.6030E+00 -2.2829E-01
9.5430E+00 1.5593E-01
9.2730E+00 4.4274E-01
9.5930E+00 -7.9703E-02
1.0343E+01 2.0125E-01
9.9230E+00 1.1465E-01
9.4430E+00 1.7405E-01
9.1130E+00 -9.2768E-02
9.7430E+00 -2.8111E-01
1.0183E+01 2.5080E-02
9.7030E+00 1.0425E-01
9.6230E+00 4.2590E-01
9.7230E+00 2.7056E-02
9.1430E+00 -3.2512E-01
9.0830E+00 -2.0532E-01
9.8930E+00 -1.0218E-02
9.2530E+00 -5.6189E-01
9.3930E+00 -3.3602E-02
9.6530E+00 3.3914E-01
9.7530E+00 8.7021E-02
9.6730E+00 -4.8797E-02
9.5130E+00 -4.6584E-01
1.0273E+01 -1.4498E-01
9.6130E+00 -7.5310E-02
1.0293E+01 -1.7304E-01
9.7230E+00 1.2032E-01
9.1630E+00 1.1568E-01
1.0233E+01 5.3050E-01
9.1730E+00 -1.8818E-01
9.5930E+00 -9.5319E-03
9.3030E+00 -2.0642E-02
1.0043E+01 5.8301E-01
1.0473E+01 8.1099E-01
9.4330E+00 -4.1668E-01
9.9130E+00 2.2490E-01
9.7630E+00 1.4564E-01
9.8130E+00 1.4038E-01
9.9130E+00 3.9443E-01
9.1530E+00 -5.6129E-02
9.5430E+00 -6.2899E-01
9.8130E+00 1.7984E-01
9.5630E+00 -4.7474E-01
9.9230E+00 -1.0236E-01
9.3630E+00 -4.8652E-02
9.2830E+00 2.9645E-01
9.9230E+00 -1.9574E-01
9.0930E+00 3.0175E-02
1.0363E+01 1.9198E-01
9.7230E+00 2.2742E-01
1.0283E+01 1.9636E-01
9.0830E+00 6.7475E-01
9.6030E+00 -3.5486E-01
9.9230E+00 2.7696E-01
9.1330E+00 -1.6443E-01
9.6330E+00 -3.0430E-01
9.7030E+00 2.1339E-01
1.0493E+01 2.1309E-02
9.3530E+00 -4.7254E-01
1.0013E+01 2.5676E-01
9.5830E+00 -7.6466E-02
9.3830E+00 -7.8405E-01
9.7630E+00 1.2083E+00
9.4030E+00 -2.7964E-01
9.4730E+00 2.2195E-01
9.4030E+00 -2.6267E-01
9.6930E+00 -2.4169E-02
9.3330E+00 5.9385E-02
9.7930E+00 3.2594E-01
1.0113E+01 5.9856E-01
9.9330E+00 6.7997E-03
1.0003E+01 2.8289E-01
1.0143E+01 2.2491E-01
9.4130E+00 -5.8219E-02
9.8330E+00 2.4083E-02
9.7330E+00 -2.0207E-01
9.6130E+00 -1.3541E-01
9.4230E+00 9.4764E-03
9.3630E+00 2.4198E-01
9.7230E+00 2.8746E-01
9.3830E+00 4.8481E-01
9.7830E+00 1.2018E-01
1.0213E+01 -2.0654E-01
9.3630E+00 1.3759E-01
9.4330E+00 -2.4549E-01
9.6330E+00 -3.9910E-01
9.4330E+00 5.6035E-02
9.4330E+00 6.3867E-01
9.7630E+00 -4.3505E-01
1.0103E+01 6.0862E-01
9.2230E+00 -4.9317E-01
9.7730E+00 4.5622E-01
9.2430E+00 3.0641E-01
9.7330E+00 -3.6935E-01
9.4030E+00 -1.2911E-01
1.0143E+01 -2.3010E-01
1.0033E+01 1.4329E-04
9.7930E+00 -1.4324E-01
9.6430E+00 5.8813E-02
9.1230E+00 5.8274E-02
1.0773E+01 6.6973E-01
9.2230E+00 -3.9314E-01
1.0183E+01 -9.7718E-01
1.0393E+01 3.9252E-01
9.7530E+00 1.5724E-01
9.9330E+00 1.3541E-01
9.4730E+00 -4.0889E-01
1.0233E+01 8.0036E-01
9.1430E+00 -4.0703E-01
1.0593E+01 5.2866E-01
9.4130E+00 -3.8720E-01
9.9830E+00 -4.5513E-01
1.0413E+01 5.8843E-01
1.0363E+01 2.0073E-01
1.0213E+01 -2.3694E-01
9.5230E+00 -2.1852E-01
9.6330E+00 -4.9719E-01
9.5630E+00 4.2833E-01
9.4830E+00 -5.6756E-01
9.6030E+00 -5.6790E-01
9.1130E+00 5.1376E-02
1.0153E+01 -1.0791E-01
9.3630E+00 3.7350E-01
1.0053E+01 -3.6062E-01
1.0543E+01 8.5533E-03
9.4230E+00 -5.3721E-01
9.6930E+00 -4.3787E-01
9.7830E+00 2.5641E-01
1.0453E+01 2.6213E-01
1.0403E+01 4.2057E-01
9.1230E+00 -3.5969E-03
9.4730E+00 -1.3454E-01
1.0473E+01 3.2884E-01
9.5530E+00 -5.9697E-01
9.7730E+00 -1.1697E-01
9.8330E+00 7.0607E-02
1.0033E+01 4.3570E-01
1.0373E+01 3.8977E-01
9.9830E+00 -6.5006E-02
9.2230E+00 6.4385E-01
9.1030E+00 5.0503E-01
9.9030E+00 2.6851E-01
1.0143E+01 -4.0413E-01
9.4130E+00 4.8632E-02
9.9530E+00 1.2485E-01
9.3030E+00 -3.6499E-01
9.5130E+00 6.2735E-03
1.0173E+01 -2.3762E-01
9.3930E+00 2.7679E-01
9.6030E+00 -2.8697E-01
9.3230E+00 3.1960E-01
9.9030E+00 -3.4004E-01
9.4930E+00 -1.0530E-01
1.0233E+01 1.1511E-02
9.5530E+00 -2.8005E-01
1.0453E+01 4.5368E-01
9.4430E+00 3.5542E-01
9.1630E+00 -1.5047E-01
9.1730E+00 -3.8829E-01
9.9930E+00 -7.3383E-02
9.1530E+00 -7.8670E-02
9.4930E+00 -1.4196E-01
1.0103E+01 3.3028E-01
9.9630E+00 1.5052E+00
9.8930E+00 3.4441E-01
9.6730E+00 2.3849E-01
9.7530E+00 -3.2101E-01
1.0073E+01 1.1818E-01
1.0163E+01 7.8607E-01
9.1430E+00 1.9083E-02
9.7530E+00 1.1916E-01
1.0003E+01 -1.3099E-01
9.8830E+00 -1.1323E-01
1.0233E+01 6.2573E-01
9.1530E+00 -7.5822E-02
9.2930E+00 1.1726E+00
1.0253E+01 -3.8431E-01
9.8530E+00 4.7024E-01
1.0313E+01 3.7266E-01
1.0013E+01 -1.2897E-01
9.6630E+00 -3.0689E-01
9.4930E+00 -7.8158E-02
1.0063E+01 4.5004E-01
1.0013E+01 -8.6310E-01
9.8430E+00 9.2082E-02
9.7130E+00 -1.9569E-01
1.0163E+01 8.4805E-02
9.9230E+00 6.1893E-02
9.7830E+00 3.5944E-01
9.2930E+00 5.3278E-01
9.2330E+00 5.0707E-01
9.5930E+00 -2.4348E-01
9.1330E+00 3.4850E-01
9.5830E+00 2.4569E-01
9.8430E+00 4.2326E-01
9.5530E+00 -2.3692E-01
1.0403E+01 -1.5322E-01
9.8530E+00 -4.7301E-01
1.0013E+01 3.6110E-01
9.3130E+00 -1.8575E-01
9.1530E+00 1.1385E-01
1.0083E+01 -1.2395E-01
9.4830E+00 1.5631E-01
9.4430E+00 -6.5674E-01
9.5030E+00 7.3374E-02
1.0023E+01 -9.1020E-03
9.7030E+00 -4.8137E-02
9.4630E+00 3.0232E-01
9.1630E+00 -4.1915E-01
9.9430E+00 -1.1109E-01
9.8830E+00 -2.1053E-01
9.4230E+00 6.7941E-02
9.6730E+00 -1.5045E-01
9.0830E+00 -8.7306E-01
9.8530E+00 -7.0802E-01
1.0213E+01 -2.0633E-01
9.7630E+00 -3.6030E-02
9.9130E+00 -4.8195E-01
9.3030E+00 -2.5471E-01
9.7530E+00 -9.3864E-02
9.7730E+00 -7.1211E-01
1.0393E+01 3.8220E-01
9.1330E+00 -5.1400E-02
9.7230E+00 3.5547E-01
9.8730E+00 -4.2484E-01
9.7730E+00 4.0662E-02
9.3530E+00 -3.1982E-01
9.8730E+00 -2.9564E-01
9.5630E+00 -1.9104E-01
9.8730E+00 1.3831E-01
9.9630E+00 1.2375E-01
1.0273E+01 1.7433E-01
9.1430E+00 9.3972E-01
9.4530E+00 3.4827E-01
9.9430E+00 -2.7561E-02
9.4530E+00 -8.7196E-02
9.4830E+00 -5.5245E-01
1.0053E+01 3.6452E-01
1.0973E+01 5.0950E-01
9.8030E+00 1.3399E-03
9.6130E+00 9.2001E-02
9.6130E+00 7.5134E-01
9.3830E+00 1.5114E-01
9.2330E+00 1.4148E-01
9.3530E+00 1.2297E-01
9.6430E+00 -2.1398E-01
9.2630E+00 -3.0517E-01
1.0233E+01 5.3140E-02
9.6030E+00 3.6705E-02
1.0223E+01 -1.4973E-02
9.8930E+00 -1.6770E-01
9.1230E+00 -3.5518E-01
1.0193E+01 2.8107E-01
1.0283E+01 3.2731E-01
9.4930E+00 -1.4940E-01
9.9730E+00 -2.2067E-01
9.5630E+00 -6.8160E-03
9.5330E+00 -2.4072E-01
9.2330E+00 5.3181E-01
9.1130E+00 -3.8714E-01
9.7030E+00 -1.6206E-01
1.0073E+01 -3.3165E-01
9.7530E+00 6.1358E-02
9.6530E+00 6.2616E-01
9.8730E+00 2.2611E-01
9.3030E+00 3.9678E-01
9.3030E+00 -3.3396E-01
1.0003E+01 5.7517E-01
9.5130E+00 1.9896E-01
9.6330E+00 2.8363E-01
9.1130E+00 2.6661E-01
9.4030E+00 -3.7259E-01
9.5730E+00 1.8255E-02
9.7730E+00 2.6695E-01
9.9330E+00 -4.1816E-01
1.0063E+01 -2.3997E-01
1.0423E+01 -1.0817E+00
9.6930E+00 -1.5607E-01
9.7030E+00 -2.0835E-01
9.4630E+00 -5.3850E-02
1.0143E+01 -5.4209E-01
9.3830E+00 -2.6250E-01
9.9930E+00 -1.8921E-01
9.5230E+00 1.1458E+00
9.5730E+00 -7.9549E-02
1.0633E+01 2.8956E-01
1.0073E+01 1.8845E-01
9.8730E+00 -8.5400E-02
1.0363E+01 1.0202E-01
1.0033E+01 1.7138E-01
9.5230E+00 6.5816E-03
9.5030E+00 1.1478E-01
9.7530E+00 -3.7060E-01
1.0313E+01 7.9401E-01
1.0253E+01 -5.9841E-02
1.0333E+01 8.1383E-02
9.8530E+00 -8.5325E-03
1.0233E+01 1.8547E-01
9.3430E+00 -4.6543E-01
9.4030E+00 -4.7263E-01
9.6430E+00 4.6951E-02
9.7430E+00 -4.6233E-01
1.0433E+01 4.3579E-01
9.5330E+00 -1.5314E-02
1.0513E+01 -6.7419E-01
9.7230E+00 8.4190E-02
1.0353E+01 3.0179E-01
9.5930E+00 2.6428E-01
9.4430E+00 3.1917E-02
9.6030E+00 -4.1610E-01
9.3930E+00 -1.5831E-01
9.1130E+00 1.5364E-01
9.6030E+00 -1.5234E-01
9.8430E+00 -2.2990E-01
9.7730E+00 -1.1640E-01
1.0003E+01 -4.2771E-01
1.0193E+01 3.9254E-01
9.5530E+00 -1.5518E-01
9.8630E+00 -3.5038E-01
9.3830E+00 -5.1998E-02
9.8530E+00 -5.1275E-01
9.2930E+00 -3.1650E-01
9.7030E+00 -9.4604E-02
9.8730E+00 1.1062E-01
9.2330E+00 -4.4344E-01
1.0263E+01 -5.8803E-02
1.0143E+01 5.0264E-02
1.0143E+01 3.9651E-01
1.0213E+01 -5.3670E-03
1.0153E+01 -1.0160E-01
9.6530E+00 2.7710E-01
9.5830E+00 4.1357E-02
1.0023E+01 -1.8306E-01
9.2230E+00 1.5522E-01
9.0830E+00 2.0229E-02
9.0930E+00 -1.5584E-01
9.6930E+00 -2.6579E-01
9.7330E+00 -1.3824E-01
9.9230E+00 -2.1408E-02
9.6530E+00 -1.2472E-01
9.7630E+00 4.9714E-02
9.4730E+00 -5.5306E-02
9.3630E+00 -2.2068E-01
9.7830E+00 -4.7315E-01
9.8730E+00 -4.5004E-02
9.3030E+00 -1.7824E-01
9.7230E+00 1.8618E-01
9.1630E+00 -8.3331E-02
9.1830E+00 -1.7937E-01
1.0193E+01 -5.9469E-01
9.6530E+00 -1.1176E-01
9.4930E+00 8.8894E-02
9.4330E+00 6.8060E-01
9.5730E+00 -3.0511E-01
9.1830E+00 5.0712E-02
9.5530E+00 1.1791E-01
9.2830E+00 1.1815E-01
9.4830E+00 -5.9763E-02
1.0173E+01 7.4059E-02
9.7230E+00 -1.5695E-02
9.5230E+00 -3.4561E-01
1.0643E+01 6.2885E-01
9.9030E+00 -6.4676E-01
9.4730E+00 -2.7163E-01
9.5230E+00 -8.3159E-03
1.0253E+01 3.3526E-01
1.0643E+01 2.0891E-02
1.0453E+01 4.1044E-01
1.0093E+01 8.8508E-02
9.1530E+00 2.2735E-01
9.8130E+00 -9.3878E-02
1.0313E+01 7.2680E-02
1.0243E+01 -1.6058E-01
9.5830E+00 9.1321E-03
1.0343E+01 -3.9053E-01
1.0023E+01 3.5137E-01
1.0013E+01 5.3985E-02
9.3330E+00 -3.7056E-01
9.6630E+00 -4.1567E-01
1.0303E+01 4.1349E-01
9.3630E+00 -3.2306E-01
9.7530E+00 1.5547E-01
9.5030E+00 1.3047E-01
9.9530E+00 1.7026E-01
9.5130E+00 -1.7268E-01
9.6030E+00 1.2386E-01
9.5030E+00 -2.7441E-01
9.5030E+00 3.5675E-01
9.5630E+00 2.0605E-01
9.6830E+00 -2.8119E-01
9.1530E+00 -1.4196E-02
9.8630E+00 -1.7180E-01
9.4530E+00 1.4797E-01
9.3530E+00 1.4859E-01
9.1430E+00 7.5741E-01
9.5530E+00 1.0415E-01
1.0033E+01 -1.0737E-01
9.2630E+00 -4.7267E-01
1.0303E+01 -1.4617E-01
1.0003E+01 -1.1107E-01
9.7430E+00 -3.4941E-01
1.0723E+01 4.6461E-01
9.8530E+00 2.0154E-01
9.5030E+00 9.3653E-02
9.6630E+00 -1.6649E-01
9.3130E+00 -4.1497E-01
9.1830E+00 1.0125E-01
1.0403E+01 1.0044E-01
9.5230E+00 8.5448E-03
1.1043E+01 1.2741E+00
1.0073E+01 -4.0404E-01
9.4530E+00 -5.5772E-02
9.6330E+00 -6.9302E-02
9.5830E+00 -1.2260E-01
9.3530E+00 -3.5378E-01
9.6430E+00 -4.4716E-01
9.1130E+00 -2.1377E-01
9.2730E+00 1.7948E-01
9.3530E+00 -2.3332E-03
9.9530E+00 -1.0210E-01
9.6630E+00 -3.1246E-01
9.4330E+00 -6.8606E-03
1.0663E+01 5.5998E-01
1.0163E+01 -3.0812E-01
1.0273E+01 -1.6126E-01
1.0463E+01 -3.6911E-02
9.7730E+00 -3.9448E-02
1.0003E+01 5.8291E-01
9.8730E+00 3.2180E-01
9.6230E+00 -3.9610E-01
1.0223E+01 -1.0698E-01
1.0003E+01 2.4363E-01
9.3130E+00 2.3370E-01
9.4830E+00 -3.7331E-03
9.5530E+00 -3.6723E-02
9.1030E+00 1.7930E-01
1.0133E+01 5.5502E-01
1.0083E+01 3.6205E-01
1.0023E+01 5.2220E-01
9.2630E+00 -1.0830E-01
9.5730E+00 7.1025E-01
9.5130E+00 -4.0824E-02
9.8630E+00 -2.3523E-01
9.6830E+00 -2.8473E-01
9.0830E+00 -2.1802E-01
1.0253E+01 5.4620E-01
9.7530E+00 -4.0520E-01
9.4630E+00 1.5680E-01
9.9230E+00 2.1956E-01
9.6930E+00 -1.6874E-01
9.4430E+00 -2.0617E-03
9.4930E+00 1.5208E-01
9.9230E+00 6.8449E-01
1.0573E+01 7.0193E-01
9.8530E+00 -1.5511E-01
1.0253E+01 -2.2953E-01
9.9030E+00 -4.1183E-01
9.9930E+00 -7.3989E-01
9.6330E+00 7.2786E-01
9.1930E+00 -1.2942E-01
9.2630E+00 -3.9422E-01
9.3130E+00 -6.9523E-01
1.0073E+01 -1.6739E-01
1.0203E+01 -4.3057E-01
9.3830E+00 -1.5775E-01
9.8830E+00 1.8470E-01
9.8330E+00 -7.1046E-02
9.4530E+00 -2.6318E-01
9.9130E+00 -3.1910E-01
9.8230E+00 2.0279E-01
9.7230E+00 -1.9373E-01
9.2230E+00 -1.0340E-03
1.0243E+01 -6.8698E-02
9.3730E+00 6.1309E-02
9.2130E+00 4.5784E-02
9.7730E+00 -6.8549E-02
9.3130E+00 -2.1195E-01
1.0033E+01 9.5423E-01
1.0333E+01 6.4978E-02
1.0083E+01 -2.8228E-02
1.0543E+01 -4.7156E-01
1.0363E+01 5.6657E-01
9.9130E+00 1.4607E-01
9.7830E+00 -2.0394E-01
9.6930E+00 -1.5653E-01
9.4630E+00 -1.0578E-01
9.8330E+00 3.3465E-01
9.9830E+00 -4.6683E-02
9.0930E+00 -1.7004E-01
9.2930E+00 6.8894E-02
9.5730E+00 2.9688E-01
9.9230E+00 -3.8162E-01
9.2630E+00 -8.7101E-02
1.0153E+01 -2.6545E-01
1.0413E+01 1.5943E+00
9.3530E+00 -9.3047E-02
9.1930E+00 -4.3086E-02
9.3330E+00 3.6082E-02
1.1023E+01 4.0666E-02
1.0083E+01 3.8250E-01
9.9530E+00 -3.5269E-01
9.4830E+00 1.8602E-01
9.8330E+00 1.5492E-01
9.4430E+00 -3.7862E-01
9.4630E+00 1.2394E-02
9.6830E+00 3.5786E-02
9.4730E+00 -3.0404E-01
9.1630E+00 -1.6263E-01
9.8330E+00 -2.9964E-01
9.6230E+00 -1.6408E-01
1.0033E+01 1.2060E-01
9.8430E+00 4.8838E-02
9.5130E+00 8.3076E-02
9.0930E+00 -3.7479E-01
9.6330E+00 -1.5127E-02
9.8130E+00 -1.2400E-01
9.0930E+00 -5.4032E-01
9.2230E+00 1.1107E-01
9.7830E+00 4.7652E-01
9.9030E+00 -2.7056E-01
9.3130E+00 1.6100E-01
9.6930E+00 -2.4273E-01
9.8530E+00 4.8967E-01
9.7730E+00 -4.5029E-01
1.0223E+01 -9.8714E-01
9.1430E+00 -7.1899E-03
9.3930E+00 -3.1423E-01
9.7430E+00 6.8653E-02
9.7130E+00 1.9487E-01
9.2730E+00 -6.9818E-01
9.8030E+00 -1.2182E-03
9.5030E+00 -7.4988E-02
1.0013E+01 1.3953E-02
9.1630E+00 -3.5472E-01
9.3830E+00 -1.1845E-02
9.8230E+00 -4.6313E-01
9.6930E+00 1.7534E-01
9.6530E+00 -1.0386E-01
9.3730E+00 1.7578E-01
9.5430E+00 -1.0788E-01
9.1530E+00 -1.1920E-01
9.8530E+00 2.6161E-01
1.0343E+01 3.6647E-01
9.7730E+00 9.3852E-02
9.7530E+00 -8.5397E-02
9.4130E+00 -2.8268E-01
1.0293E+01 -6.6554E-02
9.4030E+00 3.2401E-01
9.6630E+00 -7.3940E-02
9.6230E+00 2.2993E-02
9.5330E+00 1.1384E-01
9.6530E+00 -1.0162E-01
9.6630E+00 2.3541E-01
9.4430E+00 -3.9167E-01
1.0503E+01 5.4703E-01
1.0083E+01 -3.0035E-01
1.0473E+01 5.0541E-01
9.6930E+00 -6.1649E-01
9.7130E+00 -2.2258E-01
9.9130E+00 -2.3558E-01
9.8430E+00 3.6523E-01
9.5530E+00 8.3148E-03
9.7830E+00 -5.5104E-01
9.7430E+00 -1.5887E-01
9.8630E+00 -1.2376E-01
9.8530E+00 3.5844E-01
9.8630E+00 1.2690E-02
1.0093E+01 -1.2090E-01
9.8430E+00 1.1313E-01
9.8630E+00 -3.6479E-02
9.9730E+00 -1.3932E-01
1.0023E+01 -1.8330E-01
9.2530E+00 -6.4656E-01
9.3930E+00 1.0731E-01
9.6230E+00 3.5529E-01
1.0163E+01 4.3942E-01
9.6630E+00 -1.3698E-01
9.4130E+00 7.2937E-02
1.0383E+01 -1.3198E-01
1.1203E+01 -1.6481E-01
9.5730E+00 1.4124E-01
1.0073E+01 5.5271E-02
9.6730E+00 -2.0001E-01
9.7430E+00 -9.4594E-02
9.4730E+00 2.0374E-01
9.4130E+00 -3.3322E-01
9.6130E+00 5.5283E-02
1.0013E+01 2.2643E-01
9.3530E+00 9.8540E-02
1.0353E+01 3.7037E-01
9.0930E+00 -1.6433E-01
9.3030E+00 -2.3636E-01
1.0133E+01 -1.5915E-02
9.6230E+00 -5.2171E-03
9.9930E+00 -8.2871E-01
9.8430E+00 -1.0248E-01
9.1630E+00 4.7913E-02
9.2130E+00 -5.2568E-01
9.9930E+00 5.1706E-01
9.6330E+00 9.9346E-02
9.9130E+00 1.5612E-01
9.8230E+00 -2.9629E-04
1.0343E+01 3.5185E-01
1.0163E+01 1.6027E-01
9.7630E+00 4.2418E-02
1.0353E+01 -2.7346E-01
9.6430E+00 -2.1468E-01
1.0333E+01 9.0075E-02
9.8330E+00 -8.7050E-02
9.7530E+00 9.4373E-01
9.4530E+00 -7.4427E-01
9.8830E+00 -4.7844E-01
9.3430E+00 -6.4346E-02
9.7830E+00 -4.0024E-01
1.0123E+01 -2.3375E-01
9.6030E+00 1.3001E-01
9.1030E+00 -3.3442E-01
9.6330E+00 1.3692E+00
9.5330E+00 -4.4445E-01
9.9830E+00 -2.1512E-01
9.3330E+00 1.3088E-01
9.3530E+00 5.7752E-01
9.6430E+00 6.8438E-02
9.6930E+00 -4.5254E-01
9.1730E+00 -1.3066E-01
9.2330E+00 -2.7321E-01
9.8530E+00 -6.4264E-02
9.2730E+00 -1.3357E-01
1.0103E+01 -2.8459E-02
1.0043E+01 2.2070E-01
9.3730E+00 -2.8400E-01
9.9730E+00 1.1747E-01
1.0263E+01 1.0024E-02
1.0263E+01 4.1247E-02
9.5130E+00 -1.2416E-01
1.0483E+01 2.4079E-01
9.8230E+00 2.4774E-01
9.5130E+00 5.4837E-01
9.5130E+00 5.8221E-02
9.5230E+00 -1.3922E-01
9.3330E+00 -3.3080E-01
9.3730E+00 -4.0743E-01
9.0830E+00 -4.5542E-01
1.0223E+01 2.7643E-01
9.3130E+00 -7.1962E-02
1.0313E+01 -9.3426E-02
9.3230E+00 -6.3486E-02
9.9830E+00 -8.1711E-02
9.7730E+00 1.2133E+00
9.4030E+00 -9.7711E-01
9.9630E+00 1.0421E-01
9.7030E+00 -1.3329E-02
9.1930E+00 -1.6653E-02
1.0163E+01 2.5568E-01
1.0033E+01 3.1740E-01
9.5730E+00 6.5639E-02
9.8430E+00 -3.6553E-01
9.8830E+00 2.3808E-02
9.5230E+00 -6.5672E-01
9.1530E+00 5.1704E-01
9.6130E+00 1.6072E-02
1.0113E+01 7.9458E-01
9.3730E+00 -2.1340E-01
1.1053E+01 3.9862E-02
9.1530E+00 -5.1554E-01
9.8830E+00 9.4450E-02
1.0103E+01 -2.9306E-01
9.4730E+00 -1.1799E-01
9.3230E+00 -1.3072E-01
9.1830E+00 3.3610E-01
1.0763E+01 5.7023E-02
1.0583E+01 -4.1921E-01
1.0233E+01 2.0034E-01
1.0023E+01 2.9971E-01
9.6930E+00 6.4013E-01
9.9030E+00 -1.8506E-01
9.7830E+00 -4.3683E-01
9.8730E+00 2.4839E-01
9.8730E+00 -5.2536E-02
9.7830E+00 -8.7624E-03
9.1630E+00 -3.9705E-01
9.4330E+00 -7.8142E-01
9.5530E+00 -3.3550E-01
9.3530E+00 -5.9002E-02
1.0033E+01 6.1336E-01
9.4930E+00 -4.6412E-01
1.0833E+01 -3.1293E-02
9.2830E+00 1.0598E-01
1.0143E+01 -1.1307E-01
9.1330E+00 -7.1983E-01
1.0763E+01 1.6992E-01
9.9030E+00 1.2302E-01
9.1230E+00 -2.6194E-01
9.6930E+00 -2.0714E-01
9.8930E+00 -4.0087E-02
9.0830E+00 -5.4132E-01
1.0023E+01 5.2525E-02
9.7430E+00 3.0745E-02
9.7130E+00 -4.0798E-01
1.0153E+01 -4.3802E-02
9.0930E+00 -6.6083E-02
9.3130E+00 -1.9370E-01
1.0253E+01 8.9525E-01
9.2230E+00 4.5026E-02
9.9530E+00 -1.8217E-01
1.0043E+01 -2.8360E-01
1.0293E+01 5.1559E-01
1.0383E+01 2.0341E-01
9.7530E+00 3.5632E-01
1.0003E+01 -1.4391E-01
9.2230E+00 5.2448E-02
9.7630E+00 -7.6350E-02
9.6130E+00 1.6432E-02
9.3130E+00 1.0253E-01
9.6130E+00 -1.8358E-01
9.4230E+00 -1.8015E-01
1.0193E+01 4.9125E-01
1.0043E+01 1.2236E-01
9.4730E+00 3.6741E-02
1.0843E+01 -2.5682E-01
1.0133E+01 -1.7509E-01
9.2130E+00 -3.7870E-01
1.0383E+01 1.7185E+00
9.6230E+00 5.8207E-01
9.9430E+00 1.5422E-01
9.8630E+00 -2.6846E-02
1.0143E+01 -7.2243E-02
1.0323E+01 1.6682E+00
1.0203E+01 6.4061E-02
9.7830E+00 -7.1446E-02
9.9130E+00 8.1859E-01
9.4830E+00 1.4036E-01
9.4130E+00 -3.1264E-01
9.4330E+00 1.4941E-01
9.2530E+00 -2.4390E-01
1.0093E+01 1.9743E-01
9.2530E+00 5.8555E-01
1.0523E+01 2.9035E-01
9.6130E+00 6.7859E-02
9.5330E+00 2.0602E-01
1.0053E+01 -3.9761E-01
9.3630E+00 3.3051E-01
9.4330E+00 -4.7608E-01
9.1830E+00 -1.6034E-01
9.8830E+00 -2.9281E-01
9.4430E+00 -4.7600E-01
1.0333E+01 -1.2335E-01
9.6730E+00 1.6934E-04
9.8230E+00 1.8721E-01
1.0013E+01 3.3387E-01
9.4330E+00 -3.0605E-01
9.3630E+00 -2.9320E-01
9.6230E+00 1.6401E+00
9.2930E+00 5.3025E-02
9.3830E+00 -2.1339E-01
9.8830E+00 2.3031E-01
9.7530E+00 -3.4795E-01
9.6230E+00 -4.8480E-01
1.0403E+01 5.8455E-01
9.3330E+00 -1.8631E-01
9.2430E+00 -9.5553E-01
1.0113E+01 -5.2444E-01
9.6030E+00 -5.2259E-01
1.0753E+01 7.3061E-01
9.5730E+00 2.0507E-01
9.1530E+00 5.5764E-02
9.8230E+00 5.5661E-02
9.7830E+00 8.0727E-02
9.2330E+00 2.0667E-03
9.2130E+00 -4.0012E-01
9.2530E+00 2.2472E-01
1.0133E+01 1.5514E-01
9.5430E+00 -1.5610E-01
9.1430E+00 2.2565E-01
9.5630E+00 -4.2771E-02
9.5430E+00 1.0319E-01
9.4030E+00 -3.7161E-02
1.0133E+01 -3.5922E-01
9.8230E+00 -3.1276E-01
1.0183E+01 7.0271E-01
9.9030E+00 -8.6404E-01
1.0363E+01 2.5306E-01
9.7830E+00 1.5927E-01
9.6030E+00 -1.5138E-01
1.0143E+01 4.8644E-01
9.8430E+00 -1.7499E-01
9.2130E+00 -1.4189E-01
9.9930E+00 2.6459E-01
9.9230E+00 -4.0995E-01
1.0333E+01 -4.3993E-01
9.6930E+00 4.7497E-01
1.0303E+01 1.4459E-01
9.4030E+00 -2.3207E-01
9.4330E+00 -1.2291E-01
9.7330E+00 1.1331E-01
9.7130E+00 -2.6232E-01
1.0213E+01 1.0875E-01
9.6830E+00 1.4769E-01
9.2530E+00 -1.4138E-01
9.9130E+00 1.0944E-01
1.0053E+01 -7.0848E-04
1.0003E+01 -2.1316E-01
9.9330E+00 7.9894E-02
9.6830E+00 -6.1989E-02
9.7830E+00 -1.2674E-01
1.0133E+01 6.3734E-01
9.5830E+00 -5.4085E-01
9.8830E+00 -2.9456E-01
9.2830E+00 -3.2297E-01
9.5330E+00 1.0360E-01
9.4230E+00 -1.2355E-01
1.0073E+01 1.2273E-01
9.7730E+00 5.7672E-01
1.0893E+01 5.8840E-01
9.3030E+00 6.5856E-02
9.8430E+00 -8.5103E-03
9.9330E+00 -7.8324E-02
9.8230E+00 6.2306E-03
9.6830E+00 -2.7579E-01
1.0153E+01 3.1945E-02
1.0403E+01 -2.0335E-01
9.8530E+00 1.3927E-01
9.1530E+00 1.3828E-01
9.6630E+00 2.2014E-01
9.3030E+00 -1.3691E-01
9.5230E+00 1.1576E+00
9.8030E+00 1.1234E-01
9.0930E+00 5.4718E-01
1.0043E+01 2.7836E-03
9.5830E+00 9.0276E-02
9.6130E+00 -4.1248E-01
1.0443E+01 4.7047E-01
1.0713E+01 1.0090E+00
9.9230E+00 2.6537E-01
9.1030E+00 -1.5880E-01
9.4530E+00 -4.1613E-02
9.6130E+00 8.7384E-02
9.3630E+00 -1.8240E-01
9.6930E+00 -2.3350E-01
1.0773E+01 -2.5572E-01
9.6330E+00 -5.1210E-01
9.9730E+00 6.9055E-01
1.1063E+01 5.4616E-01
9.9230E+00 -1.7728E-01
9.4730E+00 7.6276E-02
9.6930E+00 -3.6557E-02
1.0193E+01 3.3930E-02
9.6830E+00 3.8246E-01
9.1930E+00 -4.4720E-01
9.4430E+00 3.1691E-02
9.0930E+00 1.7635E-01
1.0153E+01 2.9749E-01
1.0143E+01 8.7723E-01
1.0023E+01 -2.8464E-02
1.0573E+01 3.9338E-01
9.3230E+00 -9.0550E-03
9.2530E+00 -3.3889E-01
9.9730E+00 -8.8261E-02
9.7630E+00 -1.0501E-01
9.5030E+00 -2.4053E-01
9.3830E+00 -1.8936E-01
9.9130E+00 1.7312E-01
9.8130E+00 -1.1660E+00
9.9430E+00 3.3236E-01
9.9530E+00 -3.9801E-01
9.6530E+00 1.0111E+00
9.2830E+00 -8.9168E-02
9.6330E+00 1.6623E-01
9.7630E+00 -1.8075E-01
9.8630E+00 -6.9989E-02
9.5430E+00 1.0360E-01
9.2630E+00 -6.1056E-01
9.1230E+00 -8.9868E-02
9.7530E+00 -5.2839E-02
9.1030E+00 -2.6716E-01
9.8330E+00 -2.7353E-01
1.0023E+01 5.9928E-01
1.0123E+01 -1.8724E-01
9.9030E+00 6.3187E-02
9.3230E+00 -5.0856E-02
1.0153E+01 5.0123E-01
9.5630E+00 -2.3970E-01
1.1583E+01 3.0322E-01
9.4830E+00 8.5576E-03
9.4630E+00 -1.0237E-01
1.0683E+01 3.5476E-01
9.9630E+00 -3.8082E-01
1.0433E+01 -1.3512E-02
9.3930E+00 2.3408E-01
9.5030E+00 5.1717E-01
1.0373E+01 9.9292E-01
9.2030E+00 1.8971E-01
1.0353E+01 -2.4495E-02
9.8030E+00 1.4834E-01
9.0830E+00 -1.3147E-01
1.0523E+01 7.2079E-01
9.6130E+00 -1.4132E-01
1.0313E+01 2.2410E-01
9.8330E+00 -1.0254E-01
9.5530E+00 -4.6188E-01
9.5830E+00 1.1057E-01
9.7630E+00 -1.4094E-01
9.6930E+00 -2.7718E-01
9.6030E+00 1.9220E-01
9.7130E+00 7.5942E-03
9.7830E+00 -2.8205E-02
9.9430E+00 2.9245E-01
1.0443E+01 1.5721E-01
1.0153E+01 1.1533E-01
9.3430E+00 -3.2455E-01
9.9730E+00 1.6786E-01
9.6330E+00 -1.7340E-01
9.8530E+00 5.6867E-02
9.8330E+00 5.0844E-01
9.4530E+00 -1.0443E-01
9.4430E+00 1.7292E-02
9.6330E+00 -1.5042E-01
9.5630E+00 -8.9524E-02
9.6030E+00 -2.4429E-01
9.7830E+00 -1.8756E-02
9.6830E+00 4.0970E-01
9.8930E+00 3.3874E-02
1.0183E+01 -2.4560E-01
9.8830E+00 -3.5105E-04
1.0423E+01 4.4529E-01
1.0033E+01 3.4139E-01
9.8030E+00 1.2653E-01
9.4930E+00 2.1344E-01
9.3130E+00 -2.2098E-01
9.8930E+00 -5.2321E-04
9.3330E+00 4.4222E-02
9.5230E+00 2.2590E-01
9.6930E+00 -3.1649E-01
9.8530E+00 -1.4477E-01
1.0033E+01 1.8077E-01
9.7830E+00 -4.0948E-02
9.3530E+00 6.9539E-02
9.7130E+00 -2.1068E-01
1.0343E+01 2.0460E-01
9.9930E+00 1.4157E-01
1.0463E+01 -4.2617E-01
9.6630E+00 -1.7928E-01
9.9230E+00 -3.9325E-01
9.4230E+00 1.2306E-02
9.4230E+00 3.4279E-01
9.4830E+00 -4.4402E-01
9.4130E+00 -4.5950E-01
9.4630E+00 3.3367E-02
9.4230E+00 -4.9444E-02
9.6130E+00 -5.2734E-02
9.3230E+00 -7.5018E-01
9.5530E+00 4.8648E-02
9.2830E+00 -2.7061E-01
9.6130E+00 -2.1175E-01
1.0043E+01 1.0040E+00
1.1003E+01 4.0832E-01
9.4530E+00 -5.4401E-01
9.1230E+00 5.8555E-02
9.4130E+00 -1.4236E-01
9.2130E+00 -1.0092E-01
9.2830E+00 -9.5375E-01
9.4130E+00 -4.0509E-01
9.5630E+00 -5.8658E-01
9.3330E+00 1.5562E-01
9.1130E+00 -2.4401E-01
9.4830E+00 -3.5690E-02
1.0293E+01 -7.6373E-02
9.8130E+00 9.8884E-03
1.0263E+01 2.7981E-01
9.2530E+00 1.1464E-01
9.7230E+00 4.5518E-01
9.5230E+00 -1.5240E-01
9.3930E+00 -8.4073E-01
1.0303E+01 8.2380E-02
1.0983E+01 2.1565E-01
9.1630E+00 -2.0708E-01
9.8130E+00 1.6765E-01
9.5930E+00 2.2944E-01
1.0653E+01 3.7463E-01
9.4030E+00 -2.1463E-01
1.0333E+01 -3.7712E-03
9.7930E+00 -4.3816E-01
9.8930E+00 -4.0177E-01
9.4130E+00 1.7512E-01
9.4430E+00 -7.0971E-02
1.0213E+01 1.2789E+00
9.5930E+00 -4.3143E-01
9.9830E+00 -2.7636E-01
9.4130E+00 -2.8650E-01
9.5030E+00 -2.1439E-01
1.0273E+01 -7.0363E-02
9.8530E+00 9.6651E-01
1.0273E+01 1.0217E+00
9.1230E+00 -1.3323E-01
1.0063E+01 3.3988E-01
9.1930E+00 -5.7723E-01
9.9430E+00 1.6524E-01
1.0483E+01 -6.8393E-01
9.2830E+00 3.4240E-01
9.8030E+00 1.0121E-01
1.0643E+01 3.3613E-02
9.2530E+00 -2.0551E-01
9.9830E+00 -1.3314E-03
9.8830E+00 -1.6101E-01
1.0433E+01 7.8646E-01
1.0103E+01 3.8119E-01
9.5030E+00 -7.8206E-02
9.5730E+00 -6.9304E-02
9.7330E+00 7.0016E-02
9.2530E+00 1.0266E-01
9.3030E+00 -3.6539E-02
9.5130E+00 -6.5673E-01
9.8730E+00 -2.6838E-01
1.0083E+01 -3.9843E-01
9.8730E+00 1.8199E-01
1.0783E+01 8.9014E-01
9.5830E+00 1.2205E-01
9.9130E+00 -1.8372E-01
1.0013E+01 -6.5155E-01
9.4630E+00 7.4623E-02
9.2730E+00 -5.1021E-02
9.4530E+00 -1.6541E-01
9.6030E+00 4.4569E-01
9.2130E+00 9.5368E-02
9.7030E+00 8.8008E-01
9.9230E+00 -5.8954E-02
9.2030E+00 1.8406E-01
9.1130E+00 2.5005E-01
9.5730E+00 -4.1581E-01
9.0830E+00 6.8601E-02
9.3530E+00 -2.2942E-01
9.5230E+00 -2.6421E-01
9.7830E+00 -1.3696E-01
9.9030E+00 7.8783E-02
1.0093E+01 9.1857E-02
9.7630E+00 -1.2201E-01
9.3130E+00 -5.3521E-01
9.8130E+00 -2.5081E-01
9.4930E+00 -2.5535E-01
9.7530E+00 -5.1103E-02
9.6030E+00 2.1172E-01
9.7430E+00 5.7585E-01
9.7330E+00 2.8892E-01
9.6630E+00 1.7196E-02
9.7030E+00 -1.8550E-01
9.4830E+00 -5.6435E-01
1.0493E+01 7.9641E-01
9.1630E+00 -1.1806E-01
9.5230E+00 3.6845E-03
1.0413E+01 1.9483E-01
9.6330E+00 -2.1182E-01
9.7430E+00 -3.2066E-02
9.4630E+00 -3.5810E-02
9.2630E+00 5.0569E-02
9.8430E+00 2.9879E-02
9.3630E+00 1.4843E-01
9.4330E+00 -4.4822E-01
9.5830E+00 -5.7913E-02
1.0033E+01 1.3766E-01
9.4730E+00 -5.5052E-01
9.9530E+00 1.9926E-01
9.5130E+00 1.9691E-01
1.0153E+01 1.0058E-02
1.0303E+01 -2.5219E-02
9.8430E+00 -2.7679E-01
9.3530E+00 -1.0957E-01
9.7930E+00 3.2580E-03
9.9030E+00 2.5235E-01
9.5630E+00 -2.4023E-01
9.9130E+00 1.7368E-01
9.7330E+00 9.0045E-03
9.2730E+00 -3.4695E-02
9.8530E+00 4.4195E-02
9.5930E+00 -2.9718E-01
1.0233E+01 -3.0526E-01
1.0363E+01 2.6172E-01
9.6830E+00 1.8355E-02
9.2430E+00 -4.1908E-02
1.0023E+01 -2.8120E-01
9.8930E+00 -1.4395E-01
9.5030E+00 1.3422E-01
9.2030E+00 6.1762E-02
1.0233E+01 3.6404E-01
1.0013E+01 -3.8155E-01
9.4530E+00 -2.5576E-01
1.0593E+01 -4.9405E-01
9.2930E+00 -3.2497E-01
9.8230E+00 2.2437E-01
9.2830E+00 -3.7150E-01
1.0513E+01 1.7692E-01
9.6030E+00 -2.1859E-01
9.3630E+00 7.9046E-01
9.1430E+00 -7.8057E-01
9.5230E+00 -2.7746E-01
1.0233E+01 -5.3318E-01
9.4130E+00 -3.8615E-01
9.9330E+00 1.0509E-01
1.0083E+01 2.9196E-01
1.0143E+01 5.1255E-01
9.4130E+00 6.8928E-02
9.2730E+00 1.6037E-01
9.4730E+00 -3.5798E-01
9.3230E+00 2.3874E-01
9.4330E+00 -2.2989E-01
9.5730E+00 -1.0017E-01
9.2230E+00 4.8380E-02
9.5330E+00 -3.0108E-01
9.2830E+00 -7.5947E-02
9.1830E+00 -8.7750E-01
9.5030E+00 1.5927E-01
9.5330E+00 -4.2370E-01
1.0163E+01 3.2552E-01
9.2030E+00 9.8696E-02
9.0830E+00 -1.5606E-01
9.6230E+00 -1.4126E-01
9.6030E+00 1.0120E+00
9.2530E+00 -1.7898E-01
1.0103E+01 -1.6750E-01
9.3430E+00 8.8381E-02
9.8630E+00 -6.8667E-01
9.5130E+00 -5.4129E-01
9.8630E+00 -2.2906E-01
9.2330E+00 -4.7685E-01
9.8930E+00 2.5658E-02
9.8230E+00 -4.9252E-01
1.0043E+01 1.8400E+00
1.0203E+01 -6.3134E-01
9.7130E+00 4.0542E-01
9.5130E+00 1.7509E-02
9.5830E+00 -2.3015E-01
9.7830E+00 1.4231E+00
9.4130E+00 -1.1805E-01
9.7230E+00 2.5087E-01
9.2330E+00 -1.9307E-01
9.8430E+00 3.8826E-01
9.4230E+00 5.4144E-01
9.7130E+00 3.3689E-02
9.4030E+00 -4.5720E-01
1.0103E+01 -1.0949E-01
9.2830E+00 -6.1894E-02
9.1730E+00 -2.1206E-01
1.0183E+01 1.2820E-01
9.7430E+00 -2.9225E-01
9.8430E+00 -1.8092E-01
1.0783E+01 4.7594E-01
9.9230E+00 1.4851E-01
9.1430E+00 8.4058E-01
9.5230E+00 2.3733E-01
9.7730E+00 1.3546E-01
1.0363E+01 1.2351E-01
1.0163E+01 -2.4637E-01
9.3930E+00 -8.5717E-02
1.0023E+01 -5.8525E-01
9.9730E+00 -1.3218E-02
9.2930E+00 -6.7682E-01
9.7530E+00 -2.8530E-01
9.5830E+00 -1.3405E-01
9.6230E+00 -1.5380E-02
9.7730E+00 2.4206E-02
9.7730E+00 9.3610E-01
9.6430E+00 1.6027E-01
9.4830E+00 2.4634E-01
9.8130E+00 7.6364E-02
9.8730E+00 2.0752E-01
1.0073E+01 5.0601E-01
9.1730E+00 2.3945E-01
9.1430E+00 2.0418E-01
9.4530E+00 -2.8070E-01
1.0123E+01 1.1169E-01
1.1253E+01 2.3029E-01
9.6130E+00 2.5953E-02
1.0473E+01 1.2836E+00
9.6430E+00 -2.6827E-01
9.3930E+00 -1.8675E-01
9.6330E+00 1.4974E-02
9.9330E+00 -1.0208E-01
9.5630E+00 -4.7534E-01
9.8130E+00 1.1120E-01
9.6430E+00 -3.0121E-02
9.4730E+00 -6.5304E-01
9.3030E+00 4.9141E-01
9.6930E+00 6.5713E-01
1.0553E+01 4.1609E-01
9.3730E+00 -1.3617E-01
9.2630E+00 1.8326E+00
9.6930E+00 3.4592E-01
9.8630E+00 7.0237E-02
9.9130E+00 8.1284E-01
9.7630E+00 -1.0913E-01
9.6130E+00 -5.1186E-01
9.7330E+00 2.2418E-01
9.5130E+00 1.4949E-01
9.1030E+00 -4.8560E-02
9.4930E+00 -6.3946E-01
9.5630E+00 -3.1007E-01
9.4130E+00 4.1516E-01
9.6630E+00 -3.6685E-01
9.9130E+00 3.8487E-01
9.6330E+00 -9.7047E-02
9.4330E+00 -1.6754E-01
9.8830E+00 2.1809E-01
9.7730E+00 -3.8896E-01
1.0303E+01 -5.2964E-02
9.4630E+00 -7.1177E-01
9.9730E+00 2.1083E-01
9.2530E+00 -9.6890E-01
9.4830E+00 2.7085E-01
9.4830E+00 -1.4450E-01
9.6030E+00 -1.3296E-02
9.1630E+00 -2.8659E-01
9.7730E+00 -7.6845E-02
9.3830E+00 -1.1596E-01
9.4030E+00 -5.1649E-01
9.2530E+00 2.4208E-01
9.5330E+00 4.4336E-02
9.4530E+00 -2.8556E-01
9.8430E+00 5.3724E-01
1.0203E+01 1.4769E-01
9.3830E+00 -5.0889E-01
9.1930E+00 2.0822E-01
1.0333E+01 4.7129E-01
9.9930E+00 8.6285E-02
9.7230E+00 -6.8831E-02
9.4030E+00 1.0067E-01
1.0043E+01 2.2943E-01
9.6730E+00 1.0237E-01
9.7230E+00 -5.7014E-01
9.4730E+00 -1.3694E-01
9.9230E+00 -2.3429E-01
9.7930E+00 2.0960E-01
9.2230E+00 -4.5239E-01
9.1830E+00 -3.4686E-01
9.2530E+00 -5.3675E-02
9.2130E+00 4.0945E-01
9.3130E+00 -2.8209E-01
9.6230E+00 2.1839E-01
9.9530E+00 8.2455E-02
9.6930E+00 -9.2715E-02
9.6430E+00 -1.3069E-01
1.0443E+01 -3.9933E-02
9.2030E+00 3.9053E-02
9.7830E+00 -8.8128E-02
9.4730E+00 -1.1053E+00
9.5430E+00 -3.6114E-01
9.7230E+00 -3.1297E-02
9.4630E+00 -1.7393E-01
9.3630E+00 -1.1792E-02
9.4830E+00 -6.7460E-02
9.9530E+00 -1.1137E-01
1.0213E+01 6.4559E-02
9.0930E+00 3.2796E-02
9.7030E+00 -2.8860E-01
9.9630E+00 -1.6651E-01
9.4130E+00 -1.6583E-01
1.0123E+01 1.4209E-01
9.1730E+00 -2.8931E-02
9.6330E+00 -2.0764E-01
1.0063E+01 7.5754E-01
9.3430E+00 6.1056E-02
9.8930E+00 -1.0116E-01
9.4530E+00 -2.8594E-01
9.2230E+00 -1.3041E-01
1.0313E+01 6.4577E-01
1.0293E+01 -8.2579E-02
9.5230E+00 -1.5337E-01
9.5930E+00 -1.9036E-01
9.6330E+00 9.5330E-02
9.4430E+00 -2.2394E-01
1.0003E+01 -2.7886E-02
9.2930E+00 2.0657E-01
9.2530E+00 -1.4688E-01
9.4230E+00 -2.1705E-01
9.8430E+00 6.6730E-01
1.0593E+01 4.7981E-01
9.6030E+00 -3.9742E-01
1.0093E+01 -1.8570E-01
9.9330E+00 -5.3465E-02
9.6730E+00 3.4852E-01
1.0783E+01 5.3873E-01
9.1930E+00 -3.1097E-01
9.8630E+00 -2.3648E-01
9.7330E+00 1.1335E-01
1.0023E+01 -1.8561E-01
9.6730E+00 -3.8495E-01
9.2230E+00 -1.5336E-01
9.1630E+00 -2.8190E-02
9.1330E+00 -3.3749E-01
9.9930E+00 1.7532E-01
9.5330E+00 -1.9723E-01
9.9730E+00 -3.3279E-02
9.0930E+00 2.5599E-01
9.6830E+00 4.2587E-02
9.7830E+00 1.1397E-02
9.8530E+00 4.6060E-01
9.0830E+00 -4.3499E-01
9.3530E+00 1.4922E-01
9.6930E+00 1.2909E-01
9.4230E+00 -1.6165E-01
9.6130E+00 3.2897E-01
9.3330E+00 -4.2702E-01
9.5730E+00 -2.2183E-01
9.4230E+00 -1.5621E-02
9.7530E+00 2.1956E-01
9.3030E+00 -7.1710E-02
9.6130E+00 -1.7575E-01
1.0153E+01 3.2797E-01
9.6230E+00 3.0478E-01
9.8430E+00 -1.5148E-01
9.2130E+00 -2.1777E-01
9.2030E+00 -1.9541E-01
1.0383E+01 4.2912E-01
9.3830E+00 3.1972E-01
9.9130E+00 4.1985E-01
9.2530E+00 -4.1640E-01
9.7730E+00 8.9170E-02
9.3330E+00 9.0507E-01
1.0283E+01 1.0891E-01
9.2530E+00 3.3982E-01
9.4230E+00 -3.7985E-01
9.5230E+00 -7.9973E-02
1.0003E+01 -1.2196E-02
9.4730E+00 -2.0489E-01
9.5730E+00 -1.2643E-01
9.6630E+00 1.7405E-02
9.5930E+00 -3.3926E-02
9.6530E+00 -2.7664E-02
9.2630E+00 -6.7810E-01
9.1730E+00 -2.2773E-01
1.0123E+01 -4.9500E-01
9.7530E+00 -2.0843E-01
9.8730E+00 -2.1114E-01
1.0303E+01 -1.6001E-01
9.7730E+00 -2.5227E-01
1.0113E+01 -2.7914E-01
1.0113E+01 6.0208E-01
1.0133E+01 5.2589E-01
9.5430E+00 -8.4223E-01
9.4430E+00 -2.7402E-01
9.2230E+00 -4.3363E-03
9.4930E+00 5.7331E-02
1.0003E+01 2.7342E-01
9.1830E+00 -3.2612E-02
1.0233E+01 -2.4295E-02
9.3630E+00 -5.1629E-01
1.0013E+01 -1.1766E-01
9.4930E+00 -2.2333E-01
1.1133E+01 -1.0602E-01
1.0243E+01 1.0624E-01
9.8430E+00 -3.5672E-01
9.6930E+00 1.5612E-01
9.4130E+00 -1.2069E-01
9.1430E+00 -4.2684E-01
9.7430E+00 -2.1229E-01
9.8730E+00 1.1594E-01
9.3030E+00 -2.0587E-01
9.7830E+00 1.4083E-01
9.5630E+00 -3.9646E-01
9.4530E+00 1.6262E-01
9.2830E+00 -3.2382E-01
9.6530E+00 5.9569E-01
9.7330E+00 -4.1416E-02
9.6030E+00 1.2212E-01
9.0830E+00 -6.5204E-01
1.0463E+01 1.3776E-01
9.7930E+00 -5.0951E-01
9.2530E+00 -7.7046E-01
9.7930E+00 -2.9855E-01
9.1330E+00 -2.4656E-01
1.0183E+01 -3.2441E-03
1.0733E+01 1.1088E-01
9.2330E+00 8.2742E-02
9.8730E+00 -7.7719E-02
9.6330E+00 8.8007E-01
9.5830E+00 -1.9250E-01
9.3330E+00 -4.9700E-01
9.8330E+00 6.2282E-01
9.6830E+00 9.6811E-01
9.6330E+00 -6.4544E-02
9.8130E+00 1.4532E-01
9.4530E+00 -1.4536E-01
9.7330E+00 -1.9730E-01
1.0253E+01 5.3637E-01
9.9330E+00 1.7358E-01
9.8030E+00 1.1747E-01
1.0013E+01 -1.6492E-01
9.8730E+00 2.5226E-01
9.4730E+00 -1.3985E-01
9.0830E+00 3.2216E-01
9.7630E+00 2.8986E-02
9.3130E+00 -1.1483E-01
9.6330E+00 -1.4056E-01
9.1130E+00 -1.1617E-01
1.0263E+01 3.7109E-01
9.7030E+00 4.5519E-02
9.4930E+00 -2.6632E-02
1.0083E+01 -2.4503E-01
9.6030E+00 2.0734E-02
1.0123E+01 3.3950E-01
9.8930E+00 1.4591E-01
9.8830E+00 -1.1946E-01
9.5230E+00 -1.3114E-01
9.1230E+00 4.4551E-01
9.5330E+00 8.4873E-02
1.0253E+01 7.0703E-02
9.3430E+00 -3.4486E-01
9.8930E+00 -8.6544E-02
9.3930E+00 -3.2728E-01
9.3330E+00 6.6446E-01
9.6730E+00 2.2365E-01
9.4930E+00 2.1330E-02
9.9330E+00 1.5224E-01
9.2730E+00 -2.1214E-01
9.7230E+00 -2.2058E-01
9.4730E+00 3.1123E-01
9.1130E+00 -4.2362E-01
9.8030E+00 1.4159E-02
9.5930E+00 -6.3773E-01
9.6630E+00 -4.2054E-02
1.0103E+01 4.1594E-01
9.6030E+00 -3.8884E-01
9.4630E+00 -2.5258E-01
9.5630E+00 -3.7156E-01
9.3830E+00 -3.6731E-01
9.8930E+00 -3.0938E-01
9.1630E+00 -1.0074E-01
1.0113E+01 7.9808E-01
9.5330E+00 -3.5256E-01
9.2330E+00 -1.1772E-01
9.8030E+00 -2.4951E-01
1.0103E+01 1.4819E-01
9.2330E+00 -2.8795E-01
9.9230E+00 -3.4317E-01
9.9830E+00 1.0785E-01
1.0353E+01 2.8968E-01
9.9230E+00 3.0437E-01
9.5430E+00 -4.1027E-01
1.0013E+01 -3.9162E-01
9.2730E+00 -2.9606E-02
9.6730E+00 1.1317E+00
9.1230E+00 -1.0625E-01
9.1830E+00 6.1592E-02
9.7030E+00 -5.6912E-02
1.0813E+01 1.1610E+00
9.9230E+00 -4.9108E-02
1.0583E+01 5.3140E-01
1.0073E+01 7.4293E-02
9.5930E+00 -9.0753E-02
9.5830E+00 -1.4933E-01
9.4330E+00 -3.1108E-01
1.0053E+01 2.6616E-01
9.1630E+00 -5.5904E-01
9.9930E+00 -1.0851E-01
1.0093E+01 -2.4610E-02
1.0113E+01 2.7221E-01
1.0323E+01 -1.7509E-01
9.1330E+00 -4.0085E-01
9.8930E+00 5.1891E-01
9.6730E+00 1.2307E+00
9.1130E+00 -3.6265E-01
9.7230E+00 1.0131E-01
9.2030E+00 -3.7023E-02
9.7030E+00 3.3676E-01
9.4230E+00 -3.6344E-01
9.3630E+00 -4.2938E-01
9.8630E+00 -1.0512E-01
9.1730E+00 1.6810E-01
9.6530E+00 9.8291E-02
9.6130E+00 1.4724E-01
9.7630E+00 2.1566E-02
9.6030E+00 -1.0126E-02
1.0283E+01 9.6778E-01
1.0643E+01 -1.6991E-01
1.0143E+01 -6.1122E-02
9.7330E+00 -3.3532E-01
9.5230E+00 -1.1656E-01
1.0233E+01 1.5007E-01
9.6930E+00 -1.1509E-01
9.5130E+00 3.3174E-02
9.8130E+00 -2.2243E-01
9.5630E+00 -1.2549E-01
9.6930E+00 2.2436E-01
9.5430E+00 1.2165E-01
1.0163E+01 4.9950E-02
9.3730E+00 -1.6589E-01
1.0333E+01 4.8373E-01
9.6630E+00 -1.1032E-01
9.8930E+00 1.3165E-01
9.6930E+00 2.8413E-02
1.0023E+01 -3.4263E-01
9.8330E+00 4.0217E-01
9.2630E+00 -2.8649E-02
9.9830E+00 1.6636E-01
9.9630E+00 7.1648E-01
9.4030E+00 -1.3960E-01
1.0253E+01 -1.0029E-02
9.9030E+00 -2.1609E-01
1.0133E+01 -6.8284E-01
9.0830E+00 3.0606E-01
9.2630E+00 8.9373E-04
9.8930E+00 1.4674E-01
9.5930E+00 1.0146E-01
1.0063E+01 3.6099E-01
1.0173E+01 -5.0046E-01
9.7130E+00 1.8474E-01
9.5830E+00 -1.4668E-01
9.2730E+00 1.3084E-01
1.0163E+01 -5.5720E-02
1.0273E+01 4.7300E-01
1.0613E+01 -1.7080E-01
9.7930E+00 1.7206E-01
9.1230E+00 6.1483E-02
9.3130E+00 -6.7483E-02
9.3130E+00 -1.9918E-01
9.9830E+00 7.8254E-02
9.1430E+00 -1.0522E-01
9.7530E+00 1.6423E-02
9.8930E+00 1.9821E-01
9.6430E+00 5.1419E-03
9.4730E+00 -1.3651E-01
9.2330E+00 -4.0468E-01
9.7530E+00 -2.3147E-01
1.0073E+01 -1.7597E-01
9.1330E+00 1.9495E-01
9.8230E+00 1.8102E-01
9.1530E+00 -2.8068E-01
1.0163E+01 1.4333E+00
9.7230E+00 3.7068E-02
9.9230E+00 -3.2309E-02
9.5430E+00 1.5973E-01
9.1430E+00 -2.5559E-01
9.1230E+00 -1.5858E-01
9.4730E+00 6.7205E-02
9.6130E+00 -5.6659E-01
9.4530E+00 -3.0021E-02
9.7530E+00 1.8641E-01
1.0423E+01 1.0304E+00
1.0003E+01 -4.3055E-01
9.1830E+00 2.0503E-01
9.9030E+00 5.7240E-02
9.2430E+00 6.2270E-01
9.2230E+00 -4.3275E-02
9.3830E+00 -1.5331E-01
9.2630E+00 5.1669E-01
9.6730E+00 -3.6453E-04
1.1423E+01 1.2498E+00
9.1130E+00 -4.0732E-01
9.3330E+00 -7.8050E-02
1.0053E+01 2.5977E-01
1.1083E+01 -1.5322E-01
9.5030E+00 -1.3973E-01
9.1830E+00 1.3257E-01
1.0053E+01 1.5965E-01
9.1130E+00 -2.8242E-01
9.7630E+00 2.5938E-01
9.5530E+00 -2.2687E-01
1.0033E+01 -1.8495E-02
9.4330E+00 7.9948E-02
9.9930E+00 2.1967E-01
9.9130E+00 1.1020E-02
9.2630E+00 2.3644E-01
1.0263E+01 -2.7039E-01
1.0043E+01 -1.5978E-01
9.8430E+00 1.5069E-01
9.9330E+00 -4.9397E-01
9.9030E+00 -2.9788E-01
9.5830E+00 -1.1097E-01
9.5930E+00 2.3116E-01
1.0433E+01 2.5597E-02
9.3930E+00 -2.8485E-01
1.0093E+01 -3.7367E-02
9.5530E+00 -4.3775E-01
1.0133E+01 4.2371E-01
9.7530E+00 8.2311E-02
9.3930E+00 9.9556E-02
9.3130E+00 8.3531E-02
1.0073E+01 2.6904E-01
9.8230E+00 1.1622E+00
9.3930E+00 2.8204E-01
9.3530E+00 -1.7311E-01
1.0493E+01 1.2475E+00
9.2530E+00 4.1679E-01
9.7930E+00 7.0326E-01
9.7130E+00 8.0660E-01
9.6430E+00 -1.2158E-01
9.6630E+00 3.2571E-01
9.5230E+00 2.2969E-01
9.3730E+00 -1.9837E-01
9.2930E+00 1.0121E-01
9.6730E+00 7.7417E-01
9.7030E+00 7.6714E-01
9.5230E+00 -5.1590E-02
9.2430E+00 -1.3659E-01
9.2630E+00 -5.6761E-01
1.0453E+01 2.9391E-01
9.5730E+00 -4.7319E-01
9.5330E+00 -3.0973E-02
9.6930E+00 -1.8039E-01
1.0053E+01 -2.8839E-01
9.2530E+00 -2.9133E-01
9.8430E+00 1.2774E-01
9.1930E+00 3.3076E-01
9.5630E+00 -2.6309E-01
9.4030E+00 -3.1964E-01
9.4530E+00 -7.0185E-02
9.3030E+00 -2.7799E-01
1.0233E+01 -4.7323E-01
9.9530E+00 -2.5848E-03
9.1230E+00 -2.5003E-01
9.4230E+00 -2.7046E-01
9.4030E+00 1.5544E-01
9.5330E+00 1.6262E-01
9.4530E+00 -6.7269E-01
9.2530E+00 -8.2682E-02
9.7430E+00 -1.6135E-01
1.0033E+01 2.1650E-01
9.5230E+00 -4.1269E-01
9.4930E+00 -7.0713E-02
9.2730E+00 7.4813E-02
9.2030E+00 1.5538E-01
9.1630E+00 -2.8568E-01
1.1223E+01 3.1915E-01
9.3330E+00 -3.9359E-01
9.6330E+00 4.8395E-02
9.9530E+00 4.6994E-02
9.1330E+00 -2.9259E-01
9.5330E+00 -1.9461E-01
1.0043E+01 -1.3338E-01
1.0223E+01 -2.2921E-01
1.1163E+01 -2.0789E-01
1.0213E+01 -1.8796E-01
9.2130E+00 -1.1081E-01
9.5530E+00 -2.9497E-01
9.1730E+00 -1.9102E-01
9.2730E+00 -8.5461E-02
9.5230E+00 -2.1599E-01
9.3630E+00 -7.2132E-02
9.4330E+00 -2.3847E-01
9.4830E+00 -3.9687E-01
9.6330E+00 1.0111E+00
9.6230E+00 -4.1621E-01
9.2830E+00 -4.9798E-01
9.2430E+00 -8.1283E-02
9.7030E+00 2.2931E-02
9.3830E+00 -2.2690E-01
9.4030E+00 -3.3512E-01
9.8630E+00 -1.0144E-02
9.3030E+00 -2.3163E-01
9.1230E+00 -3.3107E-02
9.4630E+00 -5.2672E-01
9.5230E+00 -2.8836E-01
9.3830E+00 -2.3137E-01
9.0930E+00 -1.1158E-01
9.9530E+00 -5.0321E-01
9.7230E+00 -1.2021E-01
9.8830E+00 5.5237E-02
9.2530E+00 -3.6856E-01
9.1730E+00 6.6378E-02
9.9630E+00 8.6395E-02
9.6630E+00 -2.2030E-01
1.0063E+01 7.7476E-01
9.7530E+00 1.6117E+00
1.0003E+01 1.0637E-01
9.4930E+00 2.0643E-02
9.4730E+00 -6.5739E-01
9.3630E+00 -1.7918E-01
9.6830E+00 -4.0393E-01
9.3830E+00 8.0774E-02
9.6230E+00 1.3989E-01
9.6530E+00 -3.7273E-01
9.5130E+00 -2.9562E-01
9.4130E+00 3.3802E-02
9.3530E+00 3.3389E-01
9.7230E+00 1.6122E-01
9.8530E+00 3.4457E-01
9.2030E+00 -5.4257E-02
9.7930E+00 2.1359E-02
1.0143E+01 1.4756E-01
9.2730E+00 -4.2555E-01
9.4530E+00 6.3356E-02
1.0123E+01 -1.7079E-01
9.5630E+00 1.6084E-01
9.1030E+00 1.5848E-01
9.5330E+00 1.4642E-02
1.0453E+01 1.4674E-01
1.0283E+01 3.1251E-01
9.8630E+00 6.8713E-02
9.3630E+00 1.1108E+00
9.2330E+00 -3.3886E-01
9.3430E+00 -8.2432E-02
9.5630E+00 -6.1300E-01
1.0133E+01 2.8794E-01
1.0093E+01 3.8757E-01
9.2130E+00 -4.6118E-01
9.1430E+00 -6.0459E-02
9.4930E+00 -3.8554E-01
9.2830E+00 1.0800E-01
9.8730E+00 -1.0086E+00
1.0213E+01 -9.0630E-02
9.1330E+00 -9.2130E-02
9.7330E+00 -7.3477E-01
9.9430E+00 7.4564E-01
9.6430E+00 3.2974E-01
9.4930E+00 -1.5830E-01
9.1930E+00 -2.1595E-01
9.8430E+00 -6.8653E-02
9.3230E+00 -6.1013E-02
9.9130E+00 -4.3338E-02
1.0003E+01 4.8112E-01
9.1830E+00 1.5715E-01
9.4930E+00 -4.3933E-01
1.0173E+01 -3.0390E-01
9.0830E+00 -3.1349E-01
9.9330E+00 3.1127E-01
9.3730E+00 -3.0803E-01
9.8730E+00 -2.3811E-01
9.6330E+00 -2.1796E-01
9.4630E+00 1.6551E-01
9.6130E+00 2.7876E-01
9.3030E+00 -2.5178E-01
9.7030E+00 -2.0526E-01
1.0163E+01 5.3804E-02
9.3730E+00 -2.7255E-01
9.8130E+00 -4.3009E-02
9.5030E+00 -2.5281E-01
9.7030E+00 6.6579E-02
1.0043E+01 -5.5406E-02
9.7130E+00 -7.6659E-01
9.2830E+00 -2.1753E-01
9.4430E+00 -4.1740E-02
9.1630E+00 -1.1808E-01
9.5230E+00 4.8119E-02
9.3330E+00 -1.0750E-01
1.0223E+01 -4.2020E-02
9.4430E+00 6.5456E-02
9.2730E+00 4.3832E-01
9.8830E+00 1.8320E-01
9.5830E+00 -4.4844E-01
9.0830E+00 -3.4126E-01
9.8030E+00 -2.4855E-01
9.4130E+00 5.5883E-02
9.3530E+00 1.8371E-01
9.7330E+00 -6.2482E-01
9.2330E+00 5.1357E-02
9.4330E+00 9.3763E-01
9.6830E+00 1.5412E-01
9.8230E+00 -1.0044E-01
9.5230E+00 2.3414E-01
9.3730E+00 -3.0278E-01
9.9030E+00 1.0935E-01
9.4830E+00 -2.2803E-01
9.7430E+00 1.3922E-01
1.1053E+01 9.3095E-01
9.0930E+00 7.9727E-02
1.0533E+01 5.5056E-01
9.5230E+00 -3.6903E-01
1.0133E+01 -2.2806E-01
9.1830E+00 -1.6044E-01
9.5230E+00 -5.4253E-01
9.4430E+00 9.8841E-03
9.6830E+00 -6.0691E-01
1.0563E+01 8.0960E-01
1.0113E+01 -2.1804E-01
9.2730E+00 -7.1426E-02
9.4330E+00 4.5155E-02
9.9130E+00 -9.5555E-02
1.0513E+01 3.7836E-01
9.5730E+00 2.9883E-01
9.0830E+00 3.9522E-01
1.0013E+01 -9.6519E-02
9.4930E+00 2.4952E-01
9.8930E+00 1.7141E-01
1.0423E+01 2.1273E-01
1.0073E+01 5.0542E-02
9.5530E+00 -6.3739E-01
9.6330E+00 2.8974E-02
1.0213E+01 2.2008E-01
9.6130E+00 -2.5943E-01
9.9530E+00 4.6476E-02
9.2930E+00 -4.3603E-01
9.8130E+00 -2.8914E-01
9.4430E+00 5.3430E-01
9.3230E+00 1.3526E-01
9.6930E+00 1.2351E+00
9.4630E+00 -1.7111E-01
9.8330E+00 -2.6232E-02
1.0033E+01 -6.7333E-02
9.4630E+00 -3.7358E-01
1.0443E+01 3.6220E-01
9.6630E+00 -6.7475E-02
1.0023E+01 -6.6744E-01
1.0163E+01 9.0166E-02
9.5630E+00 1.8547E-02
9.8230E+00 6.3836E-02
9.2630E+00 -2.6160E-01
9.7230E+00 -2.7842E-01
9.6230E+00 -3.3650E-01
1.0083E+01 -2.6675E-01
9.4330E+00 -6.0139E-03
9.8430E+00 -2.4853E-01
9.6130E+00 5.9809E-02
9.1330E+00 -3.9008E-01
1.0513E+01 1.4905E-01
9.9130E+00 -9.5154E-02
9.7230E+00 -1.4423E-02
9.5730E+00 -1.4996E-01
9.4530E+00 -3.2714E-01
1.0013E+01 -8.7620E-02
9.3730E+00 7.9677E-02
9.7030E+00 1.0894E-01
9.7930E+00 -8.0862E-03
9.5730E+00 -3.3228E-01
9.8630E+00 1.1069E-01
1.1073E+01 2.6067E-01
9.7730E+00 2.5777E-01
9.5730E+00 -1.2695E-01
9.1530E+00 -9.2969E-02
1.0373E+01 -1.2982E-01
9.4330E+00 8.3463E-02
9.5630E+00 -2.2791E-01
9.3630E+00 -1.6736E-01
9.8530E+00 2.9241E-01
9.6730E+00 1.3074E-01
9.2530E+00 -4.7670E-01
9.4930E+00 -3.0589E-01
9.4130E+00 -4.5256E-01
9.5330E+00 -1.3341E-01
9.6330E+00 2.7223E-01
1.0103E+01 3.1905E-01
9.4730E+00 -1.6728E-01
9.8430E+00 7.1292E-01
9.1730E+00 -2.1522E-01
9.6530E+00 -6.5153E-01
1.0113E+01 -2.0406E-01
9.8930E+00 1.3124E-01
1.0183E+01 5.4977E-02
9.4830E+00 -1.7206E-01
9.9930E+00 6.1392E-02
9.3230E+00 1.3197E-01
9.2130E+00 -6.0785E-01
9.3830E+00 -4.0587E-01
9.3530E+00 -1.2233E-01
9.6830E+00 -1.8914E-01
9.6230E+00 -2.9593E-02
9.2430E+00 -1.5934E-01
9.5230E+00 -4.5248E-02
9.6330E+00 -4.8062E-01
9.6830E+00 -4.3862E-01
9.1330E+00 -2.2218E-01
9.4430E+00 5.3155E-02
9.1630E+00 -4.1766E-01
9.8030E+00 5.4031E-02
9.9130E+00 2.0276E-01
9.1630E+00 -9.4439E-02
1.0433E+01 2.7324E-01
9.8230E+00 5.7222E-01
1.0023E+01 -2.2194E-01
9.9830E+00 4.0707E-01
9.3130E+00 -2.8685E-01
1.0033E+01 2.2799E-02
9.8430E+00 -1.5364E-01
9.5130E+00 -2.6825E-01
9.8830E+00 -3.6415E-01
9.5330E+00 1.8851E-03
9.4030E+00 -5.8162E-01
1.0213E+01 -1.9848E-01
1.0643E+01 3.4037E-01
9.5630E+00 2.5019E-01
9.7030E+00 -2.5288E-01
9.2430E+00 -3.3113E-01
1.0153E+01 -1.0018E-01
9.1330E+00 -3.6257E-01
1.0043E+01 -3.7819E-01
9.6630E+00 -1.3081E-01
9.6930E+00 -5.7455E-02
1.0123E+01 -4.4114E-01
9.9130E+00 1.1898E-01
9.7230E+00 1.7072E-01
9.8530E+00 1.9864E-01
9.9830E+00 -2.8681E-01
9.4630E+00 -4.6818E-01
9.1730E+00 6.0258E-01
1.0563E+01 9.6705E-02
9.2630E+00 9.2015E-02
9.9930E+00 -4.7570E-02
9.6030E+00 1.2490E-01
9.5130E+00 1.8321E-01
9.6230E+00 1.3359E-01
9.9730E+00 5.4812E-01
9.3830E+00 5.8437E-02
9.2530E+00 -2.6631E-01
9.1930E+00 6.7469E-02
9.6330E+00 -1.4180E-01
1.0323E+01 4.9148E-02
9.6030E+00 -3.1682E-01
9.3430E+00 -4.4435E-01
1.0193E+01 5.5058E-01
1.0023E+01 3.4364E-01
9.7830E+00 -1.5601E-01
9.2430E+00 -2.8270E-01
9.3030E+00 -1.3836E-01
9.9930E+00 5.4921E-01
9.2630E+00 -1.4213E-01
9.2330E+00 1.8967E-01
9.8130E+00 -4.1384E-01
9.2230E+00 -5.4241E-01
1.0153E+01 5.8492E-01
9.3930E+00 -3.8647E-01
9.4430E+00 2.2377E-01
9.6230E+00 -1.5324E-01
9.7230E+00 -2.9535E-01
9.5630E+00 1.8072E-01
9.5130E+00 -2.4010E-01
1.0193E+01 2.3168E-01
9.1330E+00 -4.8411E-01
1.0123E+01 -8.6768E-02
1.0623E+01 -8.9298E-02
9.3130E+00 3.4496E-02
1.0263E+01 3.9654E-01
9.2030E+00 -4.2293E-02
9.2730E+00 1.8732E-01
1.0363E+01 1.1395E-01
9.4130E+00 -2.1524E-01
9.2130E+00 -4.1378E-02
9.6530E+00 -1.6484E-01
9.3330E+00 -1.3013E-01
9.5930E+00 -2.9588E-01
9.4130E+00 5.1716E-02
9.1130E+00 -1.5826E-01
9.6930E+00 -3.1085E-01
9.6230E+00 -2.8080E-01
9.9230E+00 5.2247E-02
9.6930E+00 -1.1338E-01
9.9330E+00 4.5769E-01
9.3330E+00 -1.0776E-01
9.2330E+00 9.8928E-01
9.7230E+00 1.0873E-01
1.0683E+01 -2.2617E-01
9.2030E+00 -4.0372E-01
9.5330E+00 6.2770E-02
9.2630E+00 -2.4973E-02
9.4930E+00 4.7201E-02
9.4230E+00 8.2498E-02
9.5130E+00 3.4804E-01
1.0053E+01 -7.6038E-02
9.6530E+00 -2.1719E-01
1.0313E+01 4.9408E-01
9.8030E+00 -6.5788E-02
1.0263E+01 5.2304E-01
9.6330E+00 -3.1047E-02
9.2430E+00 -3.8066E-01
1.0413E+01 4.4137E-01
9.2630E+00 -2.4293E-01
9.3930E+00 -3.5909E-01
9.3830E+00 8.6541E-02
9.3030E+00 1.4764E-02
9.6630E+00 -3.6800E-02
9.7630E+00 1.2726E-01
9.6030E+00 2.1494E-01
9.5330E+00 1.1164E-01
9.5730E+00 -1.4054E-01
9.1630E+00 -4.8428E-01
9.4130E+00 -3.6669E-01
9.2330E+00 -3.1581E-02
9.6230E+00 -6.3596E-02
9.5830E+00 -2.2281E-02
1.0113E+01 7.6786E-02
9.5630E+00 -2.4759E-01
1.0253E+01 3.1397E-01
9.6730E+00 -1.1850E-01
9.4230E+00 -2.8453E-01
1.0403E+01 1.0399E+00
9.8430E+00 1.8629E-01
9.4330E+00 -9.7331E-02
9.9330E+00 9.5136E-01
9.8130E+00 2.7661E-01
1.0113E+01 -1.0242E-01
9.3130E+00 -3.4611E-01
9.3230E+00 -1.7208E-01
9.1030E+00 -3.9341E-01
9.7830E+00 2.3232E-02
9.7230E+00 -2.5909E-02
1.0013E+01 -8.2051E-02
9.1930E+00 -8.2220E-02
9.4630E+00 -2.5309E-01
9.3930E+00 -8.4074E-02
9.8430E+00 -2.8526E-02
9.3230E+00 -2.6341E-01
1.0433E+01 7.7673E-01
9.9330E+00 -8.4438E-02
9.7830E+00 -1.0767E-01
9.1730E+00 -1.0181E-01
1.0003E+01 7.4999E-02
9.4430E+00 2.3385E-01
9.2130E+00 -1.2444E-01
9.7130E+00 -7.9425E-02
1.0463E+01 6.4927E-01
1.0213E+01 6.4719E-01
9.5630E+00 -2.1092E-01
9.1730E+00 1.8462E-01
9.1430E+00 -1.0285E-01
9.3730E+00 1.6474E-01
9.6430E+00 4.9613E-02
9.0830E+00 -2.7586E-01
1.0443E+01 -1.1057E-01
9.5130E+00 1.7097E-01
1.0113E+01 2.1961E-01
1.0203E+01 1.9901E-01
9.9730E+00 1.4591E-01
9.7830E+00 -2.5199E-02
9.7930E+00 -1.2690E-01
9.2130E+00 -3.1135E-01
9.1830E+00 3.8290E-02
9.6230E+00 4.3472E-02
9.9230E+00 7.3271E-02
9.3030E+00 -7.0226E-02
9.3730E+00 -6.1123E-02
9.5630E+00 -1.0989E-01
9.4330E+00 -6.4652E-01
9.8130E+00 -4.2134E-01
1.0223E+01 -7.5167E-02
9.5330E+00 -5.4089E-01
9.7630E+00 -4.6527E-01
9.4230E+00 -2.5031E-01
9.1130E+00 -3.0222E-01
9.1430E+00 -6.8305E-01
9.7630E+00 -4.2441E-01
1.0293E+01 3.8506E-01
9.4030E+00 -9.3299E-02
9.5630E+00 -2.5108E-01
9.9830E+00 -2.2793E-01
9.4930E+00 -6.9315E-01
9.6530E+00 2.9393E-01
9.4330E+00 -2.9275E-01
9.1230E+00 -3.2659E-01
1.0093E+01 -6.9004E-02
1.0033E+01 -3.0327E-01
9.4730E+00 -1.7644E-01
9.2930E+00 -1.4027E-01
9.5830E+00 1.2962E-01
9.8430E+00 -1.9695E-01
9.6430E+00 -3.6167E-01
1.0523E+01 -1.7647E-01
1.0493E+01 5.8353E-01
9.4330E+00 -5.2666E-01
9.7130E+00 -1.4797E-01
9.7930E+00 2.4413E-01
1.0053E+01 3.3458E-01
9.4430E+00 -6.2296E-01
1.0163E+01 1.4572E-01
9.8230E+00 2.5199E-01
9.7930E+00 -6.3847E-01
9.6130E+00 -2.4923E-01
1.0503E+01 -3.1974E-01
9.0830E+00 -6.2857E-02
9.6630E+00 6.5225E-02
9.3130E+00 4.0242E-02
9.3930E+00 1.3416E-01
9.7030E+00 -5.5170E-02
1.0223E+01 6.5006E-01
9.9630E+00 -1.8553E-01
9.9430E+00 -2.0761E-03
9.6530E+00 1.3694E+00
9.8330E+00 1.6961E+00
9.7030E+00 -4.3034E-02
9.4130E+00 -1.1043E-01
1.0683E+01 -1.0564E-01
9.1630E+00 7.6303E-01
1.0243E+01 4.9058E-03
1.0483E+01 3.0208E-03
9.6430E+00 3.9104E-01
9.6030E+00 1.5332E-01
1.0333E+01 7.2795E-01
1.0453E+01 3.7144E-01
9.6830E+00 -2.8610E-01
9.3630E+00 -8.6786E-01
1.0293E+01 -7.8161E-01
9.2330E+00 9.5704E-01
1.0023E+01 -6.7371E-01
9.5730E+00 -2.7402E-01
1.0483E+01 2.1445E-01
9.4630E+00 -2.6359E-01
9.3230E+00 1.5499E-01
9.3030E+00 -2.2487E-01
9.5530E+00 -4.5415E-01
9.8530E+00 -2.3367E-01
1.0153E+01 -3.1723E-01
9.8030E+00 8.1063E-02
9.1030E+00 -2.6890E-01
9.9330E+00 3.1551E-01
9.2730E+00 -3.5272E-01
9.1030E+00 -1.6850E-02
9.2130E+00 4.8745E-01
9.6930E+00 -3.5463E-01
1.0153E+01 -1.7213E-01
9.4430E+00 -1.4893E-01
9.2730E+00 -3.1203E-01
9.4430E+00 -2.3214E-01
9.4630E+00 -2.6138E-02
1.0143E+01 1.6389E-01
9.5430E+00 -3.3585E-01
9.9530E+00 1.4425E-01
9.4330E+00 1.3275E+00
9.6130E+00 -3.1933E-01
1.0723E+01 -9.1943E-02
9.5430E+00 -5.3224E-01
9.8330E+00 1.9094E-01
9.3530E+00 -5.4119E-01
9.8830E+00 -2.4804E-02
1.0263E+01 4.3386E-03
