# SantiniData>	col 0: Mass	col 1: Specific Star Formation Rate	Between redshifts 0.5 and 0.8
8.9564E+00 -8.6291E+00
8.4188E+00 -8.7800E+00
9.9260E+00 -8.9925E+00
8.4662E+00 -9.7729E+00
9.4829E+00 -8.8973E+00
8.6698E+00 -8.7340E+00
1.1091E+01 -1.1888E+01
8.1330E+00 -8.9783E+00
9.1415E+00 -9.1295E+00
8.4408E+00 -8.1415E+00
9.1543E+00 -9.4105E+00
1.0741E+01 -1.1341E+01
9.3387E+00 -1.1161E+01
9.3754E+00 -9.1432E+00
9.3277E+00 -9.5656E+00
8.9518E+00 -8.9749E+00
9.1680E+00 -8.3473E+00
1.0363E+01 -9.6059E+00
7.9607E+00 -9.0089E+00
1.0257E+01 -1.1885E+01
1.0099E+01 -9.2960E+00
9.4143E+00 -8.8973E+00
9.9029E+00 -8.6970E+00
9.3243E+00 -9.1982E+00
9.8943E+00 -9.7899E+00
9.4124E+00 -8.9164E+00
9.4730E+00 -8.9747E+00
1.0588E+01 -1.1527E+01
8.5932E+00 -8.8671E+00
8.9541E+00 -8.8940E+00
1.0633E+01 -1.0073E+01
9.8960E+00 -9.7474E+00
9.8152E+00 -8.9639E+00
1.1259E+01 -9.9155E+00
1.0793E+01 -1.2062E+01
9.0284E+00 -8.0578E+00
9.2333E+00 -9.2732E+00
9.5701E+00 -9.0655E+00
1.0558E+01 -1.0151E+01
1.0742E+01 -1.2965E+01
1.0033E+01 -1.2256E+01
1.0376E+01 -9.8747E+00
1.0377E+01 -1.1521E+01
1.0675E+01 -1.1887E+01
9.4876E+00 -9.0681E+00
9.1473E+00 -9.3426E+00
8.6139E+00 -8.9655E+00
9.6986E+00 -9.3120E+00
7.9957E+00 -8.8900E+00
9.6039E+00 -8.8671E+00
1.0121E+01 -9.5664E+00
8.3932E+00 -8.5631E+00
8.6467E+00 -8.4474E+00
9.1096E+00 -8.8941E+00
1.0601E+01 -9.4659E+00
8.4655E+00 -8.7829E+00
1.0822E+01 -1.1707E+01
1.0276E+01 -9.1339E+00
1.0225E+01 -9.6265E+00
8.6568E+00 -9.0145E+00
9.0072E+00 -8.9189E+00
9.4911E+00 -8.8201E+00
9.9695E+00 -8.8402E+00
9.8266E+00 -9.0195E+00
9.5282E+00 -9.2951E+00
9.4410E+00 -7.9977E+00
8.1257E+00 -8.7193E+00
8.7742E+00 -8.4337E+00
1.1068E+01 -1.2602E+01
9.9800E+00 -8.8480E+00
1.1173E+01 -1.0096E+01
9.6995E+00 -9.0792E+00
8.6656E+00 -8.9405E+00
9.4895E+00 -1.1528E+01
9.5227E+00 -8.7502E+00
9.2298E+00 -8.7829E+00
9.0150E+00 -8.7563E+00
1.0043E+01 -9.8362E+00
1.0114E+01 -9.7021E+00
9.2842E+00 -9.2682E+00
8.9110E+00 -9.0087E+00
8.9229E+00 -8.5370E+00
8.8399E+00 -8.7830E+00
8.4220E+00 -9.7818E+00
9.5629E+00 -9.2737E+00
1.0731E+01 -9.8268E+00
9.4406E+00 -8.8973E+00
8.9029E+00 -8.6723E+00
1.0230E+01 -9.2029E+00
1.0285E+01 -9.9421E+00
7.6991E+00 -8.0497E+00
9.5634E+00 -8.9490E+00
9.2680E+00 -9.0595E+00
8.6892E+00 -8.9979E+00
9.4775E+00 -9.2299E+00
1.0694E+01 -9.4586E+00
8.9518E+00 -8.8942E+00
9.0601E+00 -8.7564E+00
9.1421E+00 -9.2099E+00
8.7303E+00 -8.0451E+00
8.7272E+00 -9.4600E+00
9.2166E+00 -9.1490E+00
9.2204E+00 -8.8385E+00
8.7291E+00 -8.8672E+00
1.0539E+01 -1.1521E+01
1.0403E+01 -9.6064E+00
1.0885E+01 -9.9676E+00
9.1783E+00 -9.1181E+00
9.7632E+00 -9.1484E+00
9.5443E+00 -8.6628E+00
1.0823E+01 -1.1887E+01
8.9157E+00 -8.9748E+00
8.3423E+00 -9.5267E+00
8.4918E+00 -8.2487E+00
1.0137E+01 -1.2062E+01
1.0516E+01 -9.4274E+00
9.9848E+00 -9.2238E+00
8.9720E+00 -8.7219E+00
1.0206E+01 -9.6909E+00
9.2974E+00 -8.8202E+00
8.7002E+00 -8.8671E+00
9.1043E+00 -8.8638E+00
8.8750E+00 -9.3082E+00
8.9026E+00 -8.8638E+00
8.7545E+00 -8.7591E+00
8.9145E+00 -9.5648E+00
8.8930E+00 -8.7798E+00
8.3617E+00 -8.6367E+00
1.0976E+01 -1.2422E+01
1.0738E+01 -1.2067E+01
9.4001E+00 -8.6537E+00
1.0026E+01 -9.5343E+00
8.5428E+00 -9.0752E+00
1.0314E+01 -9.3485E+00
1.0250E+01 -1.2062E+01
8.9297E+00 -8.8637E+00
1.0554E+01 -1.2067E+01
9.0503E+00 -9.2092E+00
1.0640E+01 -9.6409E+00
9.6470E+00 -9.3825E+00
9.8990E+00 -9.3355E+00
9.8254E+00 -9.4876E+00
1.0614E+01 -9.9200E+00
9.4364E+00 -9.6265E+00
8.7074E+00 -9.1392E+00
9.2490E+00 -9.0642E+00
8.9805E+00 -9.0753E+00
8.0150E+00 -8.1563E+00
1.0470E+01 -9.1388E+00
9.1934E+00 -8.5254E+00
1.0333E+01 -9.3768E+00
1.0251E+01 -9.2150E+00
1.0001E+01 -9.2376E+00
9.8863E+00 -9.4280E+00
1.0015E+01 -9.5628E+00
1.0037E+01 -1.1881E+01
1.1048E+01 -1.3271E+01
9.5819E+00 -9.2775E+00
8.9973E+00 -8.9287E+00
9.0505E+00 -9.2776E+00
9.6931E+00 -9.0641E+00
8.5805E+00 -8.9648E+00
1.0980E+01 -1.3203E+01
7.7449E+00 -8.5253E+00
1.0513E+01 -1.2736E+01
9.9610E+00 -9.1180E+00
1.0326E+01 -1.1881E+01
9.6392E+00 -9.1432E+00
9.0185E+00 -9.0268E+00
9.8648E+00 -9.5343E+00
9.7620E+00 -9.4540E+00
1.0680E+01 -9.2334E+00
9.2692E+00 -8.7220E+00
1.0662E+01 -9.5115E+00
8.2065E+00 -8.6513E+00
9.7786E+00 -9.3139E+00
1.0605E+01 -1.2827E+01
9.0846E+00 -9.0133E+00
8.9022E+00 -8.8435E+00
9.8083E+00 -9.2962E+00
1.0386E+01 -9.4675E+00
8.9337E+00 -8.8280E+00
9.5014E+00 -8.9757E+00
8.9217E+00 -8.1728E+00
1.0048E+01 -9.5792E+00
9.5179E+00 -9.1432E+00
9.2762E+00 -9.0793E+00
1.0140E+01 -9.2086E+00
9.6725E+00 -9.6463E+00
1.0908E+01 -1.0178E+01
9.4155E+00 -8.8435E+00
8.8947E+00 -8.6513E+00
1.0369E+01 -9.1896E+00
9.6513E+00 -9.5834E+00
1.0058E+01 -1.1161E+01
9.8993E+00 -9.4799E+00
9.4741E+00 -9.1847E+00
9.8620E+00 -9.1359E+00
8.2263E+00 -8.9756E+00
9.3913E+00 -9.1628E+00
8.6938E+00 -9.0132E+00
1.0560E+01 -1.0262E+01
9.7795E+00 -9.4575E+00
1.1030E+01 -1.1168E+01
9.7168E+00 -9.1431E+00
1.0547E+01 -9.6619E+00
9.8304E+00 -9.1733E+00
8.9448E+00 -8.9787E+00
1.0043E+01 -9.1866E+00
8.8846E+00 -9.4800E+00
9.7808E+00 -9.5258E+00
8.7786E+00 -8.1368E+00
1.0033E+01 -8.8050E+00
1.0966E+01 -1.0457E+01
9.5658E+00 -9.1763E+00
8.6072E+00 -8.8434E+00
1.0371E+01 -8.7718E+00
9.9415E+00 -9.5287E+00
1.0743E+01 -9.0889E+00
1.0605E+01 -9.0873E+00
9.7239E+00 -9.1140E+00
8.7859E+00 -8.7281E+00
8.6008E+00 -8.2373E+00
1.0645E+01 -1.1527E+01
8.0983E+00 -8.8672E+00
9.6308E+00 -9.4879E+00
9.9009E+00 -9.0377E+00
1.0926E+01 -1.0471E+01
9.1077E+00 -8.9152E+00
9.9950E+00 -9.5621E+00
1.0391E+01 -1.1881E+01
9.0061E+00 -8.6513E+00
8.8511E+00 -8.7403E+00
8.7688E+00 -9.1432E+00
8.7259E+00 -9.0088E+00
7.9794E+00 -9.2050E+00
8.7117E+00 -8.8639E+00
8.8907E+00 -8.7563E+00
1.0392E+01 -1.1888E+01
1.0179E+01 -1.1528E+01
8.5334E+00 -8.7378E+00
9.5769E+00 -9.6318E+00
9.6345E+00 -9.2390E+00
9.2051E+00 -9.0132E+00
9.8285E+00 -9.1082E+00
9.8760E+00 -9.2299E+00
1.0161E+01 -9.0583E+00
9.3776E+00 -8.8671E+00
9.8293E+00 -9.1747E+00
9.5100E+00 -8.7219E+00
7.9570E+00 -8.4589E+00
1.1136E+01 -1.0856E+01
8.4474E+00 -8.8434E+00
1.0187E+01 -1.2410E+01
9.9195E+00 -9.4222E+00
1.0594E+01 -1.1887E+01
8.2776E+00 -8.9748E+00
9.9071E+00 -9.0175E+00
9.4598E+00 -9.2731E+00
9.0524E+00 -1.0228E+01
8.9742E+00 -8.7800E+00
9.2894E+00 -8.7378E+00
1.0998E+01 -9.6042E+00
9.4520E+00 -9.0999E+00
9.5694E+00 -9.1227E+00
9.0140E+00 -8.6390E+00
8.9819E+00 -9.0751E+00
9.1616E+00 -9.0170E+00
8.7277E+00 -9.2969E+00
8.8246E+00 -9.0793E+00
9.2168E+00 -8.7377E+00
8.4123E+00 -8.5291E+00
9.5730E+00 -9.0761E+00
1.0463E+01 -1.1707E+01
9.0983E+00 -8.8247E+00
9.7289E+00 -8.6007E+00
1.0376E+01 -9.1638E+00
8.2940E+00 -8.6270E+00
8.9851E+00 -8.9749E+00
9.0968E+00 -8.7591E+00
1.0138E+01 -1.2361E+01
1.1080E+01 -1.1347E+01
9.6735E+00 -9.2099E+00
1.0957E+01 -1.2422E+01
9.4047E+00 -9.3619E+00
8.8195E+00 -9.3847E+00
8.6509E+00 -8.9986E+00
7.8584E+00 -8.1455E+00
9.3157E+00 -8.8973E+00
1.0254E+01 -1.0161E+01
1.0146E+01 -9.8189E+00
1.0379E+01 -8.8395E+00
1.0429E+01 -1.2061E+01
1.0608E+01 -1.1707E+01
9.6393E+00 -9.3187E+00
9.6414E+00 -9.0381E+00
9.8437E+00 -9.1872E+00
1.0074E+01 -9.4921E+00
1.1037E+01 -1.0766E+01
1.0622E+01 -9.4905E+00
1.0602E+01 -9.5810E+00
1.0926E+01 -1.1887E+01
9.5421E+00 -9.0182E+00
1.0091E+01 -9.2594E+00
8.8030E+00 -8.6222E+00
9.2747E+00 -9.2051E+00
1.0166E+01 -9.9600E+00
8.7292E+00 -9.0170E+00
9.9077E+00 -9.0657E+00
8.8893E+00 -8.9449E+00
9.0651E+00 -9.1391E+00
1.0484E+01 -1.2422E+01
8.7939E+00 -8.4292E+00
9.1861E+00 -8.9785E+00
9.0107E+00 -9.1431E+00
7.6490E+00 -9.0170E+00
7.9647E+00 -8.7828E+00
9.3084E+00 -1.1531E+01
1.0409E+01 -1.1341E+01
8.7192E+00 -8.7253E+00
8.3595E+00 -8.2371E+00
1.1340E+01 -1.2061E+01
8.3681E+00 -9.0680E+00
9.3420E+00 -9.0793E+00
1.0475E+01 -1.1521E+01
9.9486E+00 -8.7042E+00
8.6270E+00 -8.5632E+00
1.0327E+01 -9.6552E+00
1.0733E+01 -1.1015E+01
8.8211E+00 -9.0318E+00
1.0080E+01 -9.1064E+00
1.1825E+01 -1.1404E+01
1.0738E+01 -1.1701E+01
9.3333E+00 -8.8639E+00
1.1200E+01 -1.3422E+01
9.6384E+00 -9.2776E+00
9.6283E+00 -1.1521E+01
9.5152E+00 -8.9685E+00
9.1043E+00 -9.0793E+00
1.0046E+01 -1.0798E+01
1.0637E+01 -1.1708E+01
1.0970E+01 -1.1777E+01
7.5687E+00 -8.0451E+00
1.0447E+01 -9.3098E+00
9.8231E+00 -9.7582E+00
1.1005E+01 -1.1161E+01
8.9910E+00 -8.8975E+00
9.3922E+00 -1.0801E+01
1.0626E+01 -1.2848E+01
8.6551E+00 -9.3472E+00
1.0443E+01 -8.8693E+00
1.0171E+01 -9.4257E+00
8.5963E+00 -9.0753E+00
8.6173E+00 -8.6535E+00
1.0877E+01 -9.1733E+00
9.9039E+00 -9.1406E+00
8.7816E+00 -8.9485E+00
1.1012E+01 -1.1881E+01
9.3585E+00 -8.8973E+00
9.9160E+00 -8.5649E+00
8.2486E+00 -8.6537E+00
1.0760E+01 -1.1168E+01
9.6201E+00 -1.0801E+01
1.0113E+01 -9.2108E+00
9.1521E+00 -9.0168E+00
9.2649E+00 -9.4105E+00
9.3608E+00 -9.6755E+00
1.0082E+01 -9.6676E+00
8.6272E+00 -9.5764E+00
1.1017E+01 -1.0049E+01
9.7556E+00 -1.1341E+01
1.0426E+01 -1.2648E+01
8.5075E+00 -9.0170E+00
7.4803E+00 -8.2371E+00
9.1685E+00 -8.8434E+00
1.0558E+01 -1.1887E+01
1.0471E+01 -1.2422E+01
7.6375E+00 -8.5270E+00
9.8323E+00 -9.0321E+00
8.7207E+00 -8.7221E+00
8.1547E+00 -8.0461E+00
7.9789E+00 -9.0088E+00
1.0914E+01 -1.1888E+01
8.9451E+00 -8.3474E+00
1.0061E+01 -9.5258E+00
1.0021E+01 -9.8916E+00
9.9456E+00 -8.6401E+00
1.0157E+01 -9.2814E+00
9.2627E+00 -9.0181E+00
9.2147E+00 -9.2091E+00
1.0653E+01 -9.4896E+00
1.0523E+01 -1.2061E+01
1.0818E+01 -1.1161E+01
7.8566E+00 -8.7220E+00
8.8160E+00 -9.2968E+00
9.6282E+00 -9.0133E+00
9.0366E+00 -8.7377E+00
1.0762E+01 -1.1887E+01
9.5985E+00 -9.3237E+00
9.7291E+00 -9.3136E+00
7.8923E+00 -8.5502E+00
9.1826E+00 -9.1493E+00
1.0884E+01 -9.5455E+00
9.9361E+00 -9.2870E+00
1.0250E+01 -1.0003E+01
1.0247E+01 -1.1168E+01
1.0964E+01 -9.6507E+00
8.7016E+00 -8.7827E+00
8.1037E+00 -8.8939E+00
9.8051E+00 -8.4772E+00
9.5586E+00 -8.8671E+00
9.3323E+00 -9.0170E+00
8.5228E+00 -8.4588E+00
9.1623E+00 -9.0089E+00
9.5898E+00 -8.8434E+00
8.9254E+00 -8.7194E+00
9.7944E+00 -9.8472E+00
1.0837E+01 -1.2067E+01
1.0210E+01 -9.2363E+00
9.7428E+00 -9.5656E+00
1.0655E+01 -1.0166E+01
9.8986E+00 -9.6838E+00
1.0792E+01 -1.0470E+01
9.3360E+00 -9.0680E+00
1.0312E+01 -1.2534E+01
9.2875E+00 -8.6367E+00
7.8555E+00 -8.4291E+00
8.4385E+00 -8.6513E+00
9.7872E+00 -9.4729E+00
1.0538E+01 -9.2440E+00
8.7191E+00 -9.0819E+00
8.8156E+00 -8.8638E+00
8.7638E+00 -8.4589E+00
9.9182E+00 -9.2918E+00
9.7488E+00 -9.2013E+00
8.6278E+00 -9.1392E+00
1.0005E+01 -9.2327E+00
1.0615E+01 -9.9464E+00
9.2174E+00 -8.7828E+00
9.2956E+00 -8.8974E+00
9.5096E+00 -9.2776E+00
9.0138E+00 -8.5631E+00
9.5340E+00 -9.2812E+00
9.7821E+00 -8.9202E+00
9.1904E+00 -8.6291E+00
1.0516E+01 -9.7435E+00
9.3881E+00 -8.8434E+00
1.0670E+01 -1.2892E+01
9.4712E+00 -9.3870E+00
9.7591E+00 -9.0132E+00
9.8846E+00 -1.2107E+01
9.7257E+00 -9.4229E+00
1.0441E+01 -9.0498E+00
8.4641E+00 -8.4600E+00
1.0413E+01 -9.0133E+00
1.1010E+01 -1.2067E+01
8.7129E+00 -9.2732E+00
9.4212E+00 -8.6723E+00
9.8396E+00 -1.1341E+01
1.0614E+01 -1.2836E+01
1.0844E+01 -1.3067E+01
8.8478E+00 -9.0090E+00
9.5566E+00 -8.6478E+00
1.0404E+01 -1.0621E+01
1.0087E+01 -9.5939E+00
9.6139E+00 -8.9795E+00
1.0181E+01 -1.0026E+01
1.0081E+01 -8.8733E+00
9.1987E+00 -9.3165E+00
9.3559E+00 -9.2409E+00
8.9474E+00 -9.0089E+00
9.7247E+00 -1.1527E+01
1.0891E+01 -9.1482E+00
9.9119E+00 -8.9719E+00
8.1374E+00 -8.3311E+00
1.0403E+01 -1.1341E+01
1.0395E+01 -9.6197E+00
9.8399E+00 -9.4332E+00
1.0522E+01 -1.2744E+01
8.6172E+00 -9.9580E+00
9.7816E+00 -9.6757E+00
1.0620E+01 -1.0256E+01
1.0198E+01 -9.3728E+00
1.0402E+01 -1.2061E+01
1.0406E+01 -9.6242E+00
1.0131E+01 -1.1701E+01
9.3230E+00 -8.6536E+00
9.2443E+00 -1.0145E+01
9.7517E+00 -9.2255E+00
9.5095E+00 -9.0753E+00
1.0764E+01 -9.5200E+00
8.7070E+00 -9.0088E+00
9.7430E+00 -9.3110E+00
8.9530E+00 -8.7591E+00
1.0700E+01 -1.0421E+01
9.1633E+00 -8.7255E+00
8.9081E+00 -8.9152E+00
8.9198E+00 -8.8640E+00
1.0258E+01 -1.1887E+01
8.4069E+00 -8.8639E+00
8.7457E+00 -8.8277E+00
8.7610E+00 -8.3402E+00
1.0029E+01 -9.3088E+00
1.1227E+01 -1.2248E+01
9.2344E+00 -9.0143E+00
1.0429E+01 -1.1347E+01
9.1092E+00 -9.0793E+00
1.0008E+01 -1.1521E+01
9.8753E+00 -9.1022E+00
1.0587E+01 -9.4406E+00
8.7948E+00 -8.6514E+00
9.2458E+00 -8.8973E+00
8.9367E+00 -9.2968E+00
9.8456E+00 -8.8670E+00
9.0223E+00 -8.1414E+00
1.0867E+01 -9.6376E+00
1.0736E+01 -1.1881E+01
8.8124E+00 -8.4041E+00
8.6059E+00 -9.9580E+00
8.9742E+00 -8.9784E+00
9.7540E+00 -9.0381E+00
1.0784E+01 -9.3533E+00
9.6196E+00 -9.3069E+00
8.7499E+00 -8.9153E+00
9.2042E+00 -9.1674E+00
9.6188E+00 -9.3312E+00
8.2785E+00 -8.6513E+00
1.0962E+01 -1.2068E+01
9.2521E+00 -8.7800E+00
1.0852E+01 -1.0593E+01
9.7368E+00 -8.8991E+00
1.0667E+01 -9.6391E+00
8.3953E+00 -8.5633E+00
9.1805E+00 -9.5647E+00
9.1843E+00 -9.1296E+00
1.0012E+01 -9.5692E+00
9.3960E+00 -9.0470E+00
1.0199E+01 -9.1019E+00
1.0118E+01 -9.2281E+00
9.1164E+00 -9.0144E+00
8.7480E+00 -8.8403E+00
9.6246E+00 -9.3979E+00
1.0735E+01 -9.9634E+00
9.6392E+00 -9.0385E+00
9.4219E+00 -9.2560E+00
9.0576E+00 -8.6722E+00
9.6314E+00 -9.2497E+00
8.9148E+00 -9.0794E+00
8.9731E+00 -8.1563E+00
9.2244E+00 -9.3879E+00
9.4281E+00 -9.4629E+00
1.0395E+01 -1.1881E+01
9.8474E+00 -9.2790E+00
9.5774E+00 -1.1161E+01
9.5374E+00 -9.3054E+00
9.3439E+00 -1.1566E+01
8.5076E+00 -9.8656E+00
1.0093E+01 -1.1453E+01
1.0553E+01 -8.9861E+00
1.0461E+01 -1.2422E+01
8.8903E+00 -8.7591E+00
9.9208E+00 -9.3504E+00
8.0895E+00 -9.2090E+00
1.1110E+01 -1.1447E+01
1.0761E+01 -1.0273E+01
8.1713E+00 -9.2052E+00
1.0873E+01 -1.2067E+01
1.0268E+01 -1.1701E+01
9.5533E+00 -8.7377E+00
9.8300E+00 -9.7873E+00
8.2762E+00 -8.5485E+00
9.4302E+00 -9.0792E+00
9.0507E+00 -8.4473E+00
8.5876E+00 -8.7192E+00
1.0752E+01 -1.2962E+01
9.3068E+00 -9.1433E+00
8.0924E+00 -8.8974E+00
