# SantiniData>	col 0: Mass	col 1: Specific Star Formation Rate	Between redshifts 1.1 and 1.5
1.0255E+01 -1.1239E+01
9.3615E+00 -9.2092E+00
9.6675E+00 -9.6264E+00
9.8771E+00 -9.6317E+00
1.1158E+01 -8.9875E+00
1.0788E+01 -9.2392E+00
1.0097E+01 -8.9946E+00
9.3731E+00 -9.0143E+00
9.5300E+00 -8.7282E+00
1.0266E+01 -9.4182E+00
9.7493E+00 -9.1233E+00
1.0743E+01 -8.9117E+00
1.1178E+01 -1.1707E+01
9.0373E+00 -8.0579E+00
9.5337E+00 -8.1415E+00
9.6893E+00 -8.9655E+00
8.9276E+00 -8.3330E+00
9.1802E+00 -8.2429E+00
9.1122E+00 -8.4382E+00
9.5284E+00 -8.7299E+00
8.8836E+00 -8.4389E+00
9.6881E+00 -8.9189E+00
9.7519E+00 -8.8835E+00
9.3287E+00 -9.1392E+00
1.0238E+01 -9.3411E+00
1.1362E+01 -9.8944E+00
1.0614E+01 -8.9336E+00
9.0489E+00 -8.5444E+00
1.1122E+01 -1.1348E+01
9.2462E+00 -8.4590E+00
1.0239E+01 -8.7789E+00
8.0781E+00 -8.0461E+00
1.0474E+01 -9.1191E+00
1.0650E+01 -8.8484E+00
9.5300E+00 -9.4158E+00
1.0131E+01 -8.8134E+00
8.8930E+00 -8.5253E+00
9.8010E+00 -1.0002E+01
9.0435E+00 -8.1558E+00
9.7918E+00 -8.9657E+00
1.0678E+01 -9.3766E+00
9.7005E+00 -8.9919E+00
9.4662E+00 -8.1083E+00
1.0078E+01 -8.3846E+00
1.1461E+01 -1.1952E+01
1.0256E+01 -9.0313E+00
1.0472E+01 -9.4641E+00
9.1543E+00 -9.3065E+00
1.0847E+01 -1.0446E+01
9.5886E+00 -9.2513E+00
9.0537E+00 -8.8103E+00
9.6027E+00 -9.1232E+00
1.0441E+01 -9.3084E+00
1.0877E+01 -1.3099E+01
9.5672E+00 -9.8085E+00
9.8014E+00 -9.0087E+00
1.0196E+01 -9.0453E+00
9.4172E+00 -8.8434E+00
9.0380E+00 -8.0452E+00
9.0764E+00 -8.6076E+00
9.5778E+00 -9.3515E+00
9.4588E+00 -8.7895E+00
9.8726E+00 -8.3799E+00
9.6922E+00 -9.1188E+00
1.0996E+01 -1.2312E+01
1.0720E+01 -9.0352E+00
1.0716E+01 -1.1233E+01
9.7588E+00 -8.8638E+00
1.0031E+01 -9.2516E+00
1.0115E+01 -8.9851E+00
8.8691E+00 -8.0460E+00
9.6259E+00 -8.7403E+00
8.8235E+00 -8.1969E+00
8.7910E+00 -8.9195E+00
1.0425E+01 -9.0266E+00
9.1729E+00 -9.1157E+00
9.4140E+00 -9.3425E+00
1.0493E+01 -9.5585E+00
9.7479E+00 -9.3066E+00
9.8580E+00 -8.9607E+00
9.5102E+00 -9.2541E+00
1.0079E+01 -9.0408E+00
1.0498E+01 -1.1383E+01
9.4489E+00 -8.9572E+00
8.7808E+00 -8.3845E+00
1.0762E+01 -1.1958E+01
1.0135E+01 -8.9770E+00
9.8418E+00 -8.0318E+00
9.5557E+00 -9.0415E+00
1.0378E+01 -1.2600E+01
1.0494E+01 -9.1125E+00
9.9055E+00 -9.2152E+00
9.7353E+00 -8.8283E+00
8.9978E+00 -8.7562E+00
1.0888E+01 -9.4007E+00
1.0946E+01 -1.3168E+01
9.8598E+00 -8.8277E+00
1.0152E+01 -8.4108E+00
8.7017E+00 -8.3475E+00
9.8144E+00 -8.9777E+00
9.9388E+00 -8.3895E+00
9.4065E+00 -8.0461E+00
1.0444E+01 -8.5406E+00
9.4246E+00 -8.4831E+00
1.0575E+01 -9.4791E+00
9.4539E+00 -8.4009E+00
9.0740E+00 -8.4831E+00
9.7041E+00 -8.9978E+00
8.9391E+00 -8.5522E+00
9.0857E+00 -8.1246E+00
9.6461E+00 -9.0637E+00
9.5867E+00 -9.3011E+00
9.2645E+00 -9.1271E+00
9.1096E+00 -8.7921E+00
1.0327E+01 -1.1377E+01
9.5733E+00 -8.4831E+00
9.1324E+00 -9.0764E+00
1.0827E+01 -1.1701E+01
9.7217E+00 -9.4747E+00
9.5123E+00 -9.7213E+00
8.8637E+00 -9.0761E+00
9.5912E+00 -8.9757E+00
9.4350E+00 -8.8973E+00
9.6013E+00 -8.8417E+00
9.2326E+00 -8.1738E+00
1.0063E+01 -8.9578E+00
1.0929E+01 -1.1670E+01
8.6797E+00 -8.0452E+00
9.5536E+00 -8.2778E+00
1.0523E+01 -9.3976E+00
1.0620E+01 -1.1808E+01
9.5640E+00 -8.8104E+00
9.5361E+00 -8.9438E+00
1.0494E+01 -9.3701E+00
8.6471E+00 -8.3650E+00
9.0158E+00 -8.9189E+00
8.7434E+00 -8.1410E+00
1.1060E+01 -1.2096E+01
9.1836E+00 -8.7591E+00
9.5844E+00 -8.9686E+00
9.5739E+00 -9.0818E+00
9.9058E+00 -8.0569E+00
1.0861E+01 -8.6510E+00
1.0010E+01 -9.3156E+00
9.3206E+00 -8.7401E+00
9.8637E+00 -9.0415E+00
9.2834E+00 -8.7299E+00
9.7893E+00 -8.4954E+00
9.9300E+00 -8.8490E+00
9.8705E+00 -8.6657E+00
9.9838E+00 -8.8034E+00
1.0387E+01 -8.9134E+00
9.9564E+00 -8.8217E+00
1.0054E+01 -9.4202E+00
9.0833E+00 -9.2181E+00
8.2097E+00 -8.0452E+00
9.4325E+00 -8.6727E+00
9.0569E+00 -8.8835E+00
9.9058E+00 -9.0411E+00
8.8551E+00 -9.2140E+00
9.4756E+00 -8.9605E+00
1.0599E+01 -1.1664E+01
9.2944E+00 -8.8402E+00
1.0598E+01 -1.2318E+01
8.8144E+00 -8.4398E+00
9.5135E+00 -8.8565E+00
8.4515E+00 -8.4919E+00
9.9397E+00 -9.4785E+00
1.0297E+01 -8.4496E+00
8.9415E+00 -8.4601E+00
1.0835E+01 -1.1239E+01
8.8270E+00 -8.0453E+00
1.0325E+01 -9.5766E+00
9.4791E+00 -8.8247E+00
9.7168E+00 -9.3155E+00
9.4759E+00 -9.0317E+00
9.4274E+00 -8.4398E+00
9.4338E+00 -8.9685E+00
8.6774E+00 -8.6075E+00
1.0405E+01 -1.0155E+01
1.0344E+01 -8.6954E+00
9.2864E+00 -8.8837E+00
9.9340E+00 -8.7417E+00
9.0646E+00 -8.4227E+00
1.0122E+01 -8.4509E+00
9.6674E+00 -8.6727E+00
1.0750E+01 -1.0802E+01
9.8673E+00 -9.2778E+00
1.0280E+01 -1.0251E+01
1.0419E+01 -9.6305E+00
9.1942E+00 -8.9765E+00
9.6934E+00 -8.4830E+00
9.4076E+00 -8.8837E+00
1.0800E+01 -1.0426E+01
9.8304E+00 -8.4831E+00
1.0834E+01 -9.3849E+00
9.4268E+00 -9.0415E+00
1.0564E+01 -8.8602E+00
9.9223E+00 -8.7220E+00
9.5528E+00 -9.2182E+00
9.5913E+00 -8.8202E+00
1.0728E+01 -9.8813E+00
8.3338E+00 -8.0461E+00
9.3407E+00 -8.1416E+00
1.0193E+01 -8.9136E+00
1.0242E+01 -8.7801E+00
9.5383E+00 -8.4589E+00
1.0608E+01 -8.9859E+00
9.3435E+00 -9.1233E+00
9.1395E+00 -9.3063E+00
9.0556E+00 -8.6075E+00
8.8223E+00 -8.1416E+00
9.6309E+00 -8.3308E+00
9.0472E+00 -8.8104E+00
9.9647E+00 -9.0416E+00
1.0906E+01 -9.8656E+00
8.3010E+00 -8.2780E+00
9.9994E+00 -8.6140E+00
1.0182E+01 -8.8497E+00
9.6439E+00 -9.0762E+00
9.0617E+00 -8.4233E+00
9.8485E+00 -9.2093E+00
1.0099E+01 -9.0390E+00
1.0239E+01 -9.0380E+00
9.4325E+00 -8.3334E+00
9.9602E+00 -8.6139E+00
9.1984E+00 -8.6083E+00
8.7268E+00 -8.6083E+00
1.0419E+01 -9.2182E+00
1.0180E+01 -8.8731E+00
1.0454E+01 -8.8847E+00
1.0951E+01 -1.2318E+01
9.6584E+00 -9.0762E+00
9.2941E+00 -8.2131E+00
1.0708E+01 -8.9834E+00
9.7272E+00 -8.3078E+00
1.0145E+01 -9.2228E+00
1.0265E+01 -9.3929E+00
1.0435E+01 -9.0638E+00
1.0060E+01 -8.6945E+00
9.5807E+00 -8.6389E+00
9.5923E+00 -8.6059E+00
1.0189E+01 -9.4278E+00
9.4193E+00 -8.9654E+00
8.0655E+00 -8.1508E+00
9.0333E+00 -8.6693E+00
1.0212E+01 -8.6704E+00
1.0543E+01 -8.9497E+00
1.0918E+01 -9.0236E+00
9.0404E+00 -8.4485E+00
9.6716E+00 -9.1271E+00
1.0764E+01 -1.1670E+01
8.9910E+00 -8.4601E+00
9.7589E+00 -8.9654E+00
9.2115E+00 -8.2390E+00
9.1519E+00 -8.9654E+00
1.0775E+01 -1.0946E+01
1.0837E+01 -1.1089E+01
1.0271E+01 -8.7287E+00
9.1028E+00 -8.8201E+00
1.0019E+01 -9.3712E+00
9.0737E+00 -9.1407E+00
1.1091E+01 -1.0301E+01
1.0534E+01 -8.7221E+00
9.5449E+00 -9.3155E+00
9.4076E+00 -9.4158E+00
1.0705E+01 -1.1808E+01
9.4038E+00 -9.1140E+00
1.0431E+01 -9.8657E+00
9.7185E+00 -8.6075E+00
1.0791E+01 -1.1521E+01
1.0251E+01 -1.0426E+01
1.0544E+01 -1.1383E+01
1.0863E+01 -8.8732E+00
9.4966E+00 -9.2141E+00
9.7210E+00 -8.2520E+00
9.4895E+00 -9.1271E+00
9.9170E+00 -9.7238E+00
9.7735E+00 -9.0017E+00
9.7235E+00 -8.4600E+00
1.0659E+01 -9.1189E+00
9.6052E+00 -8.4657E+00
9.0442E+00 -8.3850E+00
9.7977E+00 -9.0304E+00
8.8262E+00 -8.7896E+00
8.9950E+00 -9.1234E+00
9.8609E+00 -8.9579E+00
1.1045E+01 -9.3161E+00
1.0175E+01 -8.7711E+00
9.8602E+00 -9.4157E+00
9.7386E+00 -8.4830E+00
9.2683E+00 -8.8434E+00
1.1084E+01 -1.0075E+01
8.3736E+00 -8.0461E+00
9.3505E+00 -8.1414E+00
9.3985E+00 -8.5650E+00
1.0074E+01 -9.0321E+00
1.0427E+01 -1.1095E+01
9.6323E+00 -8.8807E+00
9.9907E+00 -8.5478E+00
1.0368E+01 -1.0199E+01
1.0687E+01 -8.9748E+00
8.9907E+00 -8.4399E+00
1.0038E+01 -8.8962E+00
9.7187E+00 -8.3480E+00
9.7493E+00 -8.7298E+00
9.1662E+00 -9.0380E+00
9.8655E+00 -8.8151E+00
1.0242E+01 -8.5394E+00
9.0796E+00 -8.8808E+00
1.0842E+01 -9.6520E+00
1.0928E+01 -9.2926E+00
9.1404E+00 -8.8247E+00
1.0609E+01 -9.1495E+00
9.5525E+00 -9.0638E+00
9.6509E+00 -8.7922E+00
1.0616E+01 -9.2827E+00
1.0505E+01 -9.2141E+00
9.3401E+00 -8.1415E+00
8.9048E+00 -8.0461E+00
9.7645E+00 -8.7349E+00
9.6729E+00 -8.5444E+00
9.5035E+00 -8.8077E+00
1.0185E+01 -9.0516E+00
9.7147E+00 -9.1233E+00
9.7432E+00 -8.5350E+00
1.0719E+01 -9.8491E+00
9.5830E+00 -9.8085E+00
1.0273E+01 -8.7961E+00
1.0348E+01 -1.1239E+01
9.6064E+00 -8.7444E+00
9.2701E+00 -8.6243E+00
9.7049E+00 -8.4857E+00
1.0660E+01 -1.2096E+01
9.7765E+00 -8.7220E+00
8.6130E+00 -8.3650E+00
1.1025E+01 -1.0519E+01
1.0959E+01 -1.2096E+01
1.0491E+01 -8.7898E+00
9.6487E+00 -8.3335E+00
9.2033E+00 -8.3307E+00
9.9720E+00 -9.1346E+00
1.0352E+01 -1.1526E+01
1.0328E+01 -8.6706E+00
1.0958E+01 -1.1952E+01
1.0581E+01 -9.3942E+00
9.9400E+00 -8.8497E+00
1.0158E+01 -9.1972E+00
1.1391E+01 -9.9679E+00
9.6548E+00 -8.1415E+00
9.5354E+00 -8.0461E+00
9.6730E+00 -8.5740E+00
9.5043E+00 -9.3154E+00
9.9306E+00 -9.1392E+00
1.0167E+01 -7.8475E+00
9.4526E+00 -8.7220E+00
1.0168E+01 -8.5066E+00
1.0020E+01 -9.3157E+00
1.0261E+01 -1.1952E+01
1.0512E+01 -8.9550E+00
9.6113E+00 -9.5766E+00
9.6495E+00 -8.5370E+00
9.1899E+00 -9.0414E+00
1.1424E+01 -9.9218E+00
1.0385E+01 -8.5643E+00
1.0972E+01 -9.2792E+00
9.6744E+00 -8.2428E+00
1.1259E+01 -1.2312E+01
9.2274E+00 -8.8104E+00
9.6303E+00 -8.4817E+00
