#Name: J/ApJ/746/169
#Title: Luminosity function of broad-line quasars (Shen+, 2012)
#Table J_ApJ_746_169_table4:
#Name: J/ApJ/746/169/table4
#Title: Model LF and BHMF
#---Details of Columns:
#    logM ([Msun])   (F6.3)  [6/11] True Black Hole mass of the bin [ucd=phys.mass]
#    logPhiMa ([-])  (F7.3)  [-18.85/-4.28] Median BHMF for all BHs log{Phi}o (in Mpc^-3^logMsun^-1^ units) [ucd=phys.luminosity.fun]
#    ElogPhiMa ([-]) (F7.3)  The 84% percentile BHMF for logPhiMa log{Phi}+ (in Mpc^-3^logMsun^-1^ units) [ucd=stat.error]
#    elogPhiMa ([-]) (F7.3)  The 16% percentile BHMF for logPhiMa log{Phi}- (in Mpc^-3^logMsun^-1^ units) [ucd=stat.error]
# ------ ------- ------- -------
# l              E       e            ogM ([ logPhiM logPhiM logPhiM
# ogM ([ logPhiM logPhiM logPhiM
# Msun]) a ([-]) a ([-]) a ([-])
# ------ ------- ------- -------
  6.000 -13.853 -11.927 -15.204
  6.025 -13.647 -11.783 -14.975
  6.050 -13.439 -11.637 -14.753
  6.075 -13.237 -11.488 -14.536
  6.100 -13.034 -11.355 -14.317
  6.125 -12.834 -11.213 -14.100
  6.150 -12.641 -11.061 -13.886
  6.175 -12.449 -10.916 -13.673
  6.200 -12.259 -10.769 -13.461
  6.225 -12.069 -10.627 -13.251
  6.250 -11.880 -10.483 -13.041
  6.275 -11.691 -10.336 -12.839
  6.300 -11.504 -10.200 -12.636
  6.325 -11.319 -10.066 -12.433
  6.350 -11.138  -9.924 -12.237
  6.375 -10.960  -9.784 -12.045
  6.400 -10.783  -9.641 -11.850
  6.425 -10.608  -9.497 -11.656
  6.450 -10.435  -9.349 -11.463
  6.475 -10.263  -9.204 -11.274
  6.500 -10.093  -9.059 -11.088
  6.525  -9.924  -8.919 -10.902
  6.550  -9.758  -8.780 -10.723
  6.575  -9.595  -8.643 -10.542
  6.600  -9.434  -8.509 -10.365
  6.625  -9.276  -8.378 -10.189
  6.650  -9.120  -8.248 -10.018
  6.675  -8.967  -8.120  -9.848
  6.700  -8.818  -7.993  -9.679
  6.725  -8.671  -7.867  -9.513
  6.750  -8.526  -7.745  -9.351
  6.775  -8.385  -7.624  -9.190
  6.800  -8.246  -7.505  -9.033
  6.825  -8.108  -7.389  -8.878
  6.850  -7.973  -7.274  -8.726
  6.875  -7.839  -7.158  -8.576
  6.900  -7.708  -7.046  -8.429
  6.925  -7.580  -6.934  -8.285
  6.950  -7.454  -6.826  -8.144
  6.975  -7.330  -6.719  -8.006
  7.000  -7.209  -6.615  -7.870
  7.025  -7.090  -6.512  -7.737
  7.050  -6.973  -6.411  -7.608
  7.075  -6.860  -6.312  -7.481
  7.100  -6.749  -6.214  -7.356
  7.125  -6.639  -6.119  -7.235
  7.150  -6.533  -6.027  -7.117
  7.175  -6.429  -5.937  -7.001
  7.200  -6.328  -5.849  -6.889
  7.225  -6.230  -5.764  -6.779
  7.250  -6.134  -5.681  -6.671
  7.275  -6.041  -5.601  -6.567
  7.300  -5.950  -5.523  -6.466
  7.325  -5.863  -5.447  -6.366
  7.350  -5.778  -5.373  -6.270
  7.375  -5.696  -5.301  -6.177
  7.400  -5.617  -5.233  -6.086
  7.425  -5.540  -5.166  -5.999
  7.450  -5.466  -5.103  -5.914
  7.475  -5.395  -5.042  -5.833
  7.500  -5.326  -4.984  -5.753
  7.525  -5.261  -4.928  -5.677
  7.550  -5.198  -4.875  -5.603
  7.575  -5.138  -4.825  -5.532
  7.600  -5.080  -4.777  -5.464
  7.625  -5.026  -4.733  -5.399
  7.650  -4.974  -4.691  -5.336
  7.675  -4.924  -4.651  -5.276
  7.700  -4.878  -4.615  -5.219
  7.725  -4.834  -4.580  -5.166
  7.750  -4.793  -4.549  -5.115
  7.775  -4.755  -4.520  -5.066
  7.800  -4.719  -4.493  -5.021
  7.825  -4.687  -4.470  -4.978
  7.850  -4.656  -4.449  -4.938
  7.875  -4.629  -4.431  -4.900
  7.900  -4.605  -4.415  -4.866
  7.925  -4.583  -4.402  -4.834
  7.950  -4.564  -4.392  -4.805
  7.975  -4.548  -4.385  -4.779
  8.000  -4.534  -4.380  -4.756
  8.025  -4.524  -4.378  -4.735
  8.050  -4.516  -4.379  -4.718
  8.075  -4.511  -4.382  -4.703
  8.100  -4.508  -4.388  -4.690
  8.125  -4.509  -4.396  -4.681
  8.150  -4.512  -4.407  -4.674
  8.175  -4.519  -4.421  -4.671
  8.200  -4.528  -4.437  -4.670
  8.225  -4.540  -4.456  -4.672
  8.250  -4.556  -4.477  -4.678
  8.275  -4.574  -4.500  -4.686
  8.300  -4.596  -4.525  -4.697
  8.325  -4.620  -4.553  -4.712
  8.350  -4.647  -4.582  -4.731
  8.375  -4.676  -4.613  -4.754
  8.400  -4.709  -4.646  -4.781
  8.425  -4.743  -4.681  -4.811
  8.450  -4.780  -4.718  -4.846
  8.475  -4.818  -4.756  -4.884
  8.500  -4.859  -4.797  -4.925
  8.525  -4.902  -4.839  -4.969
  8.550  -4.948  -4.884  -5.017
  8.575  -4.995  -4.930  -5.069
  8.600  -5.045  -4.978  -5.125
  8.625  -5.098  -5.027  -5.185
  8.650  -5.153  -5.079  -5.249
  8.675  -5.211  -5.132  -5.317
  8.700  -5.272  -5.188  -5.388
  8.725  -5.336  -5.245  -5.462
  8.750  -5.403  -5.305  -5.538
  8.775  -5.473  -5.366  -5.618
  8.800  -5.546  -5.431  -5.700
  8.825  -5.622  -5.498  -5.786
  8.850  -5.700  -5.567  -5.873
  8.875  -5.781  -5.640  -5.964
  8.900  -5.865  -5.714  -6.058
  8.925  -5.952  -5.791  -6.154
  8.950  -6.041  -5.871  -6.252
  8.975  -6.132  -5.953  -6.354
  9.000  -6.226  -6.038  -6.457
  9.025  -6.322  -6.125  -6.564
  9.050  -6.421  -6.215  -6.672
  9.075  -6.522  -6.307  -6.781
  9.100  -6.625  -6.401  -6.893
  9.125  -6.730  -6.497  -7.005
  9.150  -6.836  -6.595  -7.119
  9.175  -6.943  -6.695  -7.232
  9.200  -7.051  -6.796  -7.344
  9.225  -7.158  -6.898  -7.453
  9.250  -7.265  -6.999  -7.562
  9.275  -7.370  -7.101  -7.670
  9.300  -7.473  -7.202  -7.775
  9.325  -7.573  -7.302  -7.875
  9.350  -7.669  -7.398  -7.973
  9.375  -7.760  -7.492  -8.067
  9.400  -7.845  -7.579  -8.156
  9.425  -7.924  -7.660  -8.239
  9.450  -7.997  -7.735  -8.318
  9.475  -8.064  -7.805  -8.394
  9.500  -8.126  -7.868  -8.461
  9.525  -8.181  -7.925  -8.522
  9.550  -8.230  -7.977  -8.577
  9.575  -8.275  -8.022  -8.623
  9.600  -8.314  -8.064  -8.664
  9.625  -8.350  -8.103  -8.698
  9.650  -8.381  -8.141  -8.728
  9.675  -8.411  -8.178  -8.754
  9.700  -8.440  -8.213  -8.776
  9.725  -8.469  -8.248  -8.797
  9.750  -8.497  -8.282  -8.815
  9.775  -8.525  -8.316  -8.832
  9.800  -8.554  -8.349  -8.851
  9.825  -8.584  -8.382  -8.870
  9.850  -8.614  -8.415  -8.891
  9.875  -8.645  -8.448  -8.914
  9.900  -8.676  -8.480  -8.940
  9.925  -8.707  -8.512  -8.968
  9.950  -8.740  -8.544  -8.999
  9.975  -8.774  -8.577  -9.032
 10.000  -8.807  -8.609  -9.068
 10.025  -8.842  -8.642  -9.106
 10.050  -8.877  -8.674  -9.149
 10.075  -8.913  -8.707  -9.193
 10.100  -8.950  -8.739  -9.240
 10.125  -8.988  -8.772  -9.289
 10.150  -9.027  -8.805  -9.341
 10.175  -9.067  -8.839  -9.394
 10.200  -9.109  -8.874  -9.449
 10.225  -9.152  -8.909  -9.506
 10.250  -9.196  -8.944  -9.565
 10.275  -9.241  -8.980  -9.625
 10.300  -9.287  -9.016  -9.689
 10.325  -9.334  -9.052  -9.753
 10.350  -9.383  -9.088  -9.820
 10.375  -9.433  -9.127  -9.889
 10.400  -9.484  -9.166  -9.959
 10.425  -9.537  -9.206 -10.032
 10.450  -9.590  -9.246 -10.107
 10.475  -9.644  -9.287 -10.183
 10.500  -9.700  -9.329 -10.260
 10.525  -9.758  -9.372 -10.339
 10.550  -9.816  -9.415 -10.420
 10.575  -9.875  -9.460 -10.503
 10.600  -9.936  -9.505 -10.588
 10.625  -9.999  -9.551 -10.673
 10.650 -10.063  -9.597 -10.759
 10.675 -10.127  -9.645 -10.848
 10.700 -10.194  -9.693 -10.937
 10.725 -10.263  -9.742 -11.028
 10.750 -10.332  -9.793 -11.122
 10.775 -10.404  -9.844 -11.218
 10.800 -10.475  -9.896 -11.314
 10.825 -10.548  -9.949 -11.411
 10.850 -10.623 -10.002 -11.511
 10.875 -10.698 -10.057 -11.611
 10.900 -10.776 -10.113 -11.712
 10.925 -10.855 -10.170 -11.816
 10.950 -10.935 -10.229 -11.922
 10.975 -11.015 -10.288 -12.029
 11.000 -11.096 -10.347 -12.139
