#Name: J/ApJ/746/169
#Title: Luminosity function of broad-line quasars (Shen+, 2012)
#Table J_ApJ_746_169_table4:
#Name: J/ApJ/746/169/table4
#Title: Model LF and BHMF
#---Details of Columns:
#    logM ([Msun])   (F6.3)  [6/11] True Black Hole mass of the bin [ucd=phys.mass]
#    logPhiMa ([-])  (F7.3)  [-18.85/-4.28] Median BHMF for all BHs log{Phi}o (in Mpc^-3^logMsun^-1^ units) [ucd=phys.luminosity.fun]
#    ElogPhiMa ([-]) (F7.3)  The 84% percentile BHMF for logPhiMa log{Phi}+ (in Mpc^-3^logMsun^-1^ units) [ucd=stat.error]
#    elogPhiMa ([-]) (F7.3)  The 16% percentile BHMF for logPhiMa log{Phi}- (in Mpc^-3^logMsun^-1^ units) [ucd=stat.error]
# ------ ------- ------- -------
# l              E       e            ogM ([ logPhiM logPhiM logPhiM
# ogM ([ logPhiM logPhiM logPhiM
# Msun]) a ([-]) a ([-]) a ([-])
# ------ ------- ------- -------
  6.000 -13.139 -10.934 -15.141
  6.025 -12.946 -10.796 -14.918
  6.050 -12.754 -10.660 -14.694
  6.075 -12.566 -10.527 -14.471
  6.100 -12.383 -10.393 -14.250
  6.125 -12.204 -10.262 -14.032
  6.150 -12.027 -10.130 -13.816
  6.175 -11.853 -10.000 -13.603
  6.200 -11.682  -9.870 -13.393
  6.225 -11.514  -9.743 -13.188
  6.250 -11.347  -9.619 -12.984
  6.275 -11.182  -9.495 -12.784
  6.300 -11.021  -9.372 -12.585
  6.325 -10.862  -9.252 -12.387
  6.350 -10.705  -9.132 -12.194
  6.375 -10.548  -9.016 -12.002
  6.400 -10.395  -8.901 -11.814
  6.425 -10.244  -8.788 -11.630
  6.450 -10.097  -8.676 -11.449
  6.475  -9.953  -8.565 -11.273
  6.500  -9.811  -8.456 -11.102
  6.525  -9.672  -8.350 -10.934
  6.550  -9.536  -8.246 -10.769
  6.575  -9.403  -8.143 -10.608
  6.600  -9.273  -8.043 -10.449
  6.625  -9.144  -7.944 -10.293
  6.650  -9.017  -7.849 -10.139
  6.675  -8.892  -7.756  -9.985
  6.700  -8.770  -7.665  -9.835
  6.725  -8.652  -7.577  -9.686
  6.750  -8.537  -7.489  -9.540
  6.775  -8.423  -7.402  -9.396
  6.800  -8.312  -7.320  -9.255
  6.825  -8.201  -7.240  -9.117
  6.850  -8.093  -7.160  -8.981
  6.875  -7.987  -7.084  -8.850
  6.900  -7.883  -7.006  -8.721
  6.925  -7.783  -6.928  -8.594
  6.950  -7.685  -6.852  -8.471
  6.975  -7.589  -6.777  -8.350
  7.000  -7.494  -6.705  -8.232
  7.025  -7.401  -6.634  -8.117
  7.050  -7.309  -6.565  -8.005
  7.075  -7.221  -6.499  -7.895
  7.100  -7.135  -6.437  -7.788
  7.125  -7.050  -6.377  -7.685
  7.150  -6.968  -6.319  -7.585
  7.175  -6.889  -6.263  -7.488
  7.200  -6.814  -6.208  -7.392
  7.225  -6.741  -6.157  -7.300
  7.250  -6.670  -6.108  -7.210
  7.275  -6.601  -6.061  -7.123
  7.300  -6.536  -6.015  -7.038
  7.325  -6.474  -5.972  -6.956
  7.350  -6.414  -5.931  -6.879
  7.375  -6.359  -5.891  -6.805
  7.400  -6.306  -5.854  -6.734
  7.425  -6.256  -5.818  -6.667
  7.450  -6.208  -5.784  -6.603
  7.475  -6.160  -5.753  -6.540
  7.500  -6.115  -5.722  -6.481
  7.525  -6.072  -5.695  -6.422
  7.550  -6.032  -5.670  -6.366
  7.575  -5.994  -5.648  -6.312
  7.600  -5.958  -5.628  -6.261
  7.625  -5.923  -5.610  -6.213
  7.650  -5.892  -5.595  -6.166
  7.675  -5.862  -5.581  -6.123
  7.700  -5.835  -5.570  -6.082
  7.725  -5.811  -5.561  -6.045
  7.750  -5.789  -5.554  -6.009
  7.775  -5.769  -5.550  -5.976
  7.800  -5.752  -5.548  -5.946
  7.825  -5.737  -5.549  -5.919
  7.850  -5.724  -5.552  -5.894
  7.875  -5.714  -5.557  -5.872
  7.900  -5.706  -5.564  -5.853
  7.925  -5.701  -5.573  -5.837
  7.950  -5.699  -5.583  -5.824
  7.975  -5.699  -5.595  -5.814
  8.000  -5.702  -5.608  -5.807
  8.025  -5.707  -5.623  -5.804
  8.050  -5.715  -5.639  -5.802
  8.075  -5.725  -5.655  -5.804
  8.100  -5.737  -5.672  -5.809
  8.125  -5.751  -5.690  -5.817
  8.150  -5.768  -5.708  -5.829
  8.175  -5.785  -5.726  -5.846
  8.200  -5.803  -5.745  -5.865
  8.225  -5.823  -5.765  -5.887
  8.250  -5.844  -5.787  -5.912
  8.275  -5.867  -5.809  -5.938
  8.300  -5.891  -5.832  -5.967
  8.325  -5.917  -5.856  -5.996
  8.350  -5.944  -5.881  -6.026
  8.375  -5.972  -5.907  -6.056
  8.400  -6.001  -5.935  -6.085
  8.425  -6.030  -5.963  -6.112
  8.450  -6.060  -5.992  -6.139
  8.475  -6.088  -6.022  -6.164
  8.500  -6.116  -6.051  -6.186
  8.525  -6.141  -6.079  -6.208
  8.550  -6.165  -6.104  -6.230
  8.575  -6.187  -6.128  -6.250
  8.600  -6.208  -6.147  -6.270
  8.625  -6.228  -6.162  -6.289
  8.650  -6.247  -6.171  -6.307
  8.675  -6.264  -6.175  -6.323
  8.700  -6.279  -6.174  -6.338
  8.725  -6.292  -6.171  -6.351
  8.750  -6.301  -6.168  -6.362
  8.775  -6.308  -6.165  -6.370
  8.800  -6.311  -6.163  -6.376
  8.825  -6.313  -6.162  -6.381
  8.850  -6.313  -6.163  -6.384
  8.875  -6.312  -6.166  -6.385
  8.900  -6.310  -6.171  -6.386
  8.925  -6.309  -6.180  -6.385
  8.950  -6.309  -6.191  -6.385
  8.975  -6.310  -6.203  -6.384
  9.000  -6.313  -6.217  -6.385
  9.025  -6.317  -6.233  -6.386
  9.050  -6.324  -6.252  -6.390
  9.075  -6.332  -6.272  -6.394
  9.100  -6.343  -6.294  -6.400
  9.125  -6.358  -6.317  -6.408
  9.150  -6.376  -6.341  -6.418
  9.175  -6.397  -6.365  -6.433
  9.200  -6.419  -6.390  -6.453
  9.225  -6.443  -6.415  -6.477
  9.250  -6.469  -6.441  -6.506
  9.275  -6.496  -6.468  -6.542
  9.300  -6.524  -6.496  -6.584
  9.325  -6.555  -6.526  -6.631
  9.350  -6.589  -6.558  -6.681
  9.375  -6.626  -6.591  -6.733
  9.400  -6.666  -6.626  -6.789
  9.425  -6.709  -6.664  -6.849
  9.450  -6.755  -6.704  -6.911
  9.475  -6.805  -6.747  -6.975
  9.500  -6.857  -6.792  -7.043
  9.525  -6.912  -6.840  -7.113
  9.550  -6.970  -6.890  -7.186
  9.575  -7.030  -6.944  -7.262
  9.600  -7.094  -7.000  -7.341
  9.625  -7.160  -7.058  -7.422
  9.650  -7.229  -7.120  -7.507
  9.675  -7.301  -7.184  -7.594
  9.700  -7.376  -7.251  -7.685
  9.725  -7.453  -7.320  -7.778
  9.750  -7.534  -7.392  -7.874
  9.775  -7.617  -7.468  -7.972
  9.800  -7.703  -7.545  -8.073
  9.825  -7.792  -7.626  -8.177
  9.850  -7.883  -7.709  -8.283
  9.875  -7.978  -7.795  -8.392
  9.900  -8.076  -7.883  -8.504
  9.925  -8.176  -7.975  -8.619
  9.950  -8.279  -8.068  -8.737
  9.975  -8.385  -8.165  -8.857
 10.000  -8.494  -8.264  -8.980
 10.025  -8.605  -8.366  -9.106
 10.050  -8.719  -8.470  -9.235
 10.075  -8.836  -8.577  -9.366
 10.100  -8.955  -8.687  -9.500
 10.125  -9.077  -8.799  -9.637
 10.150  -9.202  -8.914  -9.777
 10.175  -9.330  -9.032  -9.918
 10.200  -9.461  -9.152 -10.063
 10.225  -9.594  -9.275 -10.211
 10.250  -9.731  -9.401 -10.361
 10.275  -9.870  -9.530 -10.514
 10.300 -10.012  -9.662 -10.671
 10.325 -10.157  -9.796 -10.829
 10.350 -10.305  -9.933 -10.990
 10.375 -10.456 -10.073 -11.154
 10.400 -10.610 -10.215 -11.321
 10.425 -10.766 -10.360 -11.491
 10.450 -10.925 -10.507 -11.663
 10.475 -11.086 -10.657 -11.837
 10.500 -11.251 -10.810 -12.014
 10.525 -11.419 -10.965 -12.194
 10.550 -11.589 -11.123 -12.378
 10.575 -11.762 -11.285 -12.566
 10.600 -11.938 -11.449 -12.757
 10.625 -12.116 -11.617 -12.952
 10.650 -12.297 -11.786 -13.151
 10.675 -12.482 -11.958 -13.352
 10.700 -12.669 -12.133 -13.556
 10.725 -12.860 -12.311 -13.763
 10.750 -13.054 -12.492 -13.972
 10.775 -13.251 -12.675 -14.184
 10.800 -13.450 -12.859 -14.399
 10.825 -13.653 -13.045 -14.617
 10.850 -13.858 -13.233 -14.838
 10.875 -14.066 -13.424 -15.062
 10.900 -14.277 -13.617 -15.288
 10.925 -14.490 -13.812 -15.514
 10.950 -14.705 -14.009 -15.745
 10.975 -14.922 -14.205 -15.975
 11.000 -15.143 -14.402 -16.208
