# CANDELSData>	col 0: Mass	col 1: Size	Between redshifts 0.2 and 0.5
8.7880E+00 2.9096E-02
8.3870E+00 -5.4306E-02
8.9030E+00 5.8412E-01
9.7000E+00 4.5567E-01
8.9620E+00 6.1994E-01
9.0770E+00 7.5553E-01
9.6410E+00 4.4144E-01
9.1200E+00 5.9788E-01
9.6630E+00 3.1892E-01
9.7370E+00 3.6462E-01
1.0493E+01 7.3564E-01
8.8270E+00 4.8473E-01
8.8270E+00 4.8473E-01
8.1770E+00 -1.4750E-01
9.1370E+00 3.1419E-01
9.3750E+00 4.2437E-01
1.0247E+01 7.7585E-01
9.5860E+00 4.0948E-01
8.7300E+00 5.6693E-01
8.7300E+00 5.6693E-01
8.4230E+00 4.0671E-01
8.1920E+00 -1.0110E-01
9.1700E+00 5.4999E-01
8.7310E+00 5.7819E-02
1.1479E+01 9.4906E-01
9.2960E+00 2.1269E-01
7.4990E+00 -2.0003E-01
9.0940E+00 6.1568E-01
8.9460E+00 6.5847E-01
8.9810E+00 2.4333E-01
8.7260E+00 4.5973E-01
8.5770E+00 1.6549E-01
9.3810E+00 4.7875E-01
8.9140E+00 1.4130E-01
8.8200E+00 3.3267E-01
1.0089E+01 6.0314E-01
8.9690E+00 -2.4227E-02
1.0102E+01 6.5935E-01
8.6990E+00 5.3701E-01
9.0570E+00 1.9078E-01
9.3780E+00 6.1190E-01
9.1990E+00 2.0231E-01
9.1780E+00 5.6266E-01
9.6560E+00 6.9447E-01
9.2830E+00 2.1276E-01
8.2190E+00 2.4555E-03
9.7250E+00 5.7480E-01
9.1940E+00 2.7034E-01
9.9440E+00 2.4496E-01
1.0673E+01 1.0601E+00
8.8440E+00 3.7981E-01
9.3660E+00 2.1909E-01
9.3850E+00 5.1031E-01
8.1970E+00 3.7801E-01
9.8860E+00 6.8055E-01
9.5670E+00 3.7963E-01
8.9990E+00 7.0604E-01
8.8570E+00 6.5444E-01
8.8270E+00 4.1849E-02
8.3710E+00 -2.5279E-03
9.7860E+00 8.6845E-01
7.6860E+00 2.6904E-01
9.4530E+00 3.4333E-01
8.8720E+00 4.5823E-02
1.0724E+01 9.9174E-01
9.9660E+00 6.9958E-01
8.9480E+00 4.2557E-01
9.4540E+00 4.3084E-01
9.4540E+00 4.3084E-01
8.7470E+00 3.8785E-01
9.8700E+00 5.0055E-01
8.6620E+00 -3.1793E-02
8.3780E+00 5.6311E-01
9.5930E+00 6.9558E-01
9.0080E+00 3.6699E-01
8.3710E+00 3.5664E-01
9.7840E+00 4.3658E-01
8.9320E+00 5.7531E-01
9.4120E+00 6.2747E-01
8.9300E+00 2.6611E-01
1.0183E+01 7.5790E-01
9.6160E+00 6.3606E-01
8.8580E+00 4.0185E-01
8.9760E+00 3.9117E-01
8.6330E+00 4.9345E-01
8.1600E+00 4.2644E-01
8.1600E+00 4.2644E-01
8.8700E+00 9.6188E-03
9.0170E+00 4.9191E-01
1.0047E+01 1.5251E-01
9.8800E+00 6.1690E-01
1.0103E+01 7.7109E-01
9.9840E+00 4.6402E-01
1.0400E+01 7.0182E-01
9.8640E+00 3.2310E-01
9.4720E+00 3.0763E-01
8.6720E+00 -8.8456E-02
9.3600E+00 5.4041E-01
1.0169E+01 6.9994E-01
9.6770E+00 7.1051E-01
1.1070E+01 8.7252E-01
8.7070E+00 -6.3666E-02
1.0564E+01 4.5581E-01
9.2630E+00 1.5680E-01
7.8570E+00 -6.4444E-02
8.9740E+00 2.1344E-01
9.3990E+00 2.8701E-01
8.9130E+00 -5.0784E-02
9.6890E+00 3.6231E-01
8.6010E+00 5.4908E-02
8.5000E+00 2.2375E-02
1.0298E+01 4.6940E-01
9.4300E+00 6.5163E-01
1.0472E+01 6.9235E-01
9.9040E+00 5.6246E-01
8.4930E+00 1.4942E-01
9.3440E+00 7.5096E-01
8.9060E+00 5.1053E-01
8.4900E+00 5.7523E-02
1.0417E+01 6.5531E-01
8.7380E+00 1.2451E-01
9.2360E+00 3.7054E-01
1.0099E+01 6.4484E-01
9.5130E+00 7.0914E-01
8.9870E+00 1.3259E-01
8.6900E+00 1.1365E-01
9.4680E+00 6.5174E-01
1.0093E+01 7.2918E-01
8.8400E+00 5.5017E-01
8.7420E+00 4.4352E-01
9.2710E+00 3.6150E-01
8.6470E+00 1.1092E-01
9.2730E+00 4.8742E-01
8.8070E+00 3.5645E-01
9.1980E+00 3.4348E-01
9.1070E+00 2.3586E-01
1.0407E+01 7.4162E-01
8.7530E+00 2.7708E-01
8.8820E+00 1.6811E-02
8.8310E+00 4.2509E-01
9.5590E+00 8.4797E-01
8.4580E+00 5.3868E-01
8.9810E+00 1.8473E-01
8.8060E+00 2.8560E-01
1.0899E+01 8.7229E-01
1.0111E+01 5.3035E-01
1.0251E+01 7.4802E-01
9.5180E+00 5.3942E-01
1.0671E+01 7.8389E-01
8.7480E+00 7.6019E-01
9.3500E+00 4.7857E-01
8.4880E+00 -6.0925E-02
9.1600E+00 2.1145E-01
8.8630E+00 3.7374E-01
8.9400E+00 5.6347E-01
8.8070E+00 -6.0953E-03
8.8590E+00 1.9072E-01
8.6730E+00 -1.6120E-04
8.7860E+00 2.0697E-01
8.9310E+00 5.8017E-01
9.2170E+00 2.2296E-01
9.1720E+00 3.6890E-01
8.9290E+00 3.5804E-01
8.5040E+00 2.5972E-01
8.5550E+00 1.1870E-01
9.5640E+00 1.8281E-01
9.2440E+00 2.4421E-01
8.7900E+00 4.8088E-02
8.6890E+00 8.6953E-02
8.2560E+00 -1.2605E-01
8.5580E+00 8.9031E-02
7.6080E+00 3.3625E-01
9.2860E+00 3.3192E-01
8.7400E+00 4.1121E-01
9.1360E+00 3.3521E-01
8.9260E+00 3.4771E-01
9.0010E+00 6.5066E-01
8.6370E+00 1.5188E-01
9.8720E+00 6.3128E-01
8.2010E+00 -7.4279E-02
1.0919E+01 5.0004E-01
8.5530E+00 -7.3565E-02
9.2630E+00 3.0802E-01
9.4720E+00 4.4765E-01
8.6910E+00 3.0242E-01
8.6950E+00 2.2175E-01
9.8280E+00 4.5000E-01
9.2980E+00 4.5950E-01
9.6040E+00 6.4607E-01
9.3420E+00 2.9221E-01
8.6410E+00 3.3015E-01
8.5550E+00 -2.0491E-01
9.6990E+00 4.4118E-01
8.3920E+00 4.3261E-01
9.8590E+00 8.0598E-01
9.9430E+00 5.0492E-01
8.4860E+00 -2.2094E-02
8.7390E+00 3.5704E-01
9.4790E+00 1.5894E-01
1.0286E+01 7.5012E-01
9.2840E+00 3.9358E-01
9.1050E+00 2.1568E-01
8.4200E+00 -1.6795E-01
9.5620E+00 4.7245E-01
9.5810E+00 4.8697E-01
9.0130E+00 4.5087E-01
9.6600E+00 6.1449E-01
1.0656E+01 8.0335E-01
1.0712E+01 5.4909E-01
9.6620E+00 2.4398E-01
8.7710E+00 1.3927E-01
8.5210E+00 1.2979E-01
8.9670E+00 1.7353E-01
8.6520E+00 1.5371E-01
8.8420E+00 9.9210E-02
9.1030E+00 2.4536E-01
1.0575E+01 4.9271E-01
8.2060E+00 3.4473E-02
9.7350E+00 3.8035E-01
9.3030E+00 6.9066E-02
8.9150E+00 4.6080E-01
8.2530E+00 -3.9102E-02
9.2650E+00 7.4844E-01
9.7300E+00 4.5610E-01
8.8640E+00 1.4051E-01
9.5780E+00 6.5089E-01
8.7230E+00 6.4231E-02
8.8860E+00 3.0827E-01
9.2140E+00 1.5209E-01
9.7300E+00 2.2649E-01
9.2580E+00 5.6560E-01
8.6520E+00 5.1397E-01
8.5850E+00 3.2608E-01
8.6990E+00 2.7621E-01
9.8120E+00 6.2662E-01
8.9500E+00 2.6252E-01
9.3320E+00 2.7068E-01
8.7260E+00 1.0661E-01
9.2770E+00 2.1458E-01
9.2740E+00 3.1353E-01
8.1740E+00 5.6228E-01
8.5380E+00 1.1184E-01
9.8090E+00 3.9548E-01
8.6780E+00 5.7961E-01
1.0657E+01 7.2573E-01
1.0051E+01 2.1861E-01
9.1030E+00 4.9255E-01
8.7650E+00 5.0060E-01
8.9970E+00 2.3047E-01
9.6630E+00 5.9001E-01
9.1340E+00 -INF
8.6690E+00 6.4227E-02
8.4500E+00 1.5882E-02
8.9690E+00 2.1632E-01
9.8720E+00 5.9535E-01
9.2970E+00 5.0683E-01
7.6180E+00 -2.8825E-02
8.6320E+00 1.7046E-01
9.4670E+00 4.1211E-01
9.4790E+00 5.1824E-01
9.6240E+00 2.0865E-01
1.0363E+01 5.0827E-01
8.9080E+00 6.5362E-01
8.9230E+00 3.0108E-01
1.0422E+01 7.9449E-01
7.9190E+00 -2.0444E-01
9.8080E+00 5.0931E-01
9.0690E+00 7.4605E-01
9.2340E+00 5.7805E-01
8.6580E+00 2.2243E-01
9.4290E+00 9.2995E-01
9.3150E+00 4.1666E-01
8.3940E+00 -4.1294E-02
9.6920E+00 3.4267E-01
9.6610E+00 5.6316E-01
9.2210E+00 6.1173E-01
9.8110E+00 7.6315E-01
8.9530E+00 6.8493E-01
8.5870E+00 7.6920E-02
9.1290E+00 4.8029E-01
9.8710E+00 2.9943E-01
7.5870E+00 2.0354E-01
9.1990E+00 5.6183E-01
9.7430E+00 1.4505E-01
9.4670E+00 1.9340E-01
8.5610E+00 2.0723E-01
7.2760E+00 6.2519E-02
8.8370E+00 3.3166E-01
9.6340E+00 4.7347E-01
9.4970E+00 3.5424E-01
1.0033E+01 2.6460E-01
8.5850E+00 4.1236E-02
1.0377E+01 5.8219E-01
9.5240E+00 4.4655E-01
1.0324E+01 7.4552E-01
9.2250E+00 2.5592E-01
9.6470E+00 5.5575E-01
8.7890E+00 5.7019E-01
8.2290E+00 3.0092E-01
9.1010E+00 4.9466E-01
8.6710E+00 7.5724E-02
1.0139E+01 7.0276E-01
9.0760E+00 5.9987E-01
1.1249E+01 8.9040E-01
8.8210E+00 8.6524E-02
8.7530E+00 3.0363E-01
1.0564E+01 7.1636E-01
7.8160E+00 2.1771E-01
8.9380E+00 1.3611E-01
9.7580E+00 8.7307E-01
8.5590E+00 -1.0712E-02
9.1580E+00 3.9421E-01
1.0019E+01 5.0035E-01
9.6970E+00 2.3781E-01
1.0813E+01 8.0891E-01
9.4130E+00 4.9897E-01
8.3040E+00 3.0268E-01
9.3850E+00 7.0699E-01
8.5780E+00 2.0275E-01
1.0096E+01 2.0909E-01
8.7680E+00 2.1165E-01
8.5970E+00 1.5194E-01
9.4640E+00 5.1728E-01
9.5540E+00 5.9526E-01
8.3090E+00 5.9768E-02
9.7910E+00 5.3004E-01
1.0204E+01 7.3532E-01
1.1063E+01 8.0177E-01
9.5480E+00 5.9157E-01
8.6710E+00 7.6958E-01
9.5000E+00 1.2657E-01
8.8590E+00 4.8684E-01
9.2680E+00 5.9623E-01
7.0740E+00 4.6486E-01
1.1157E+01 1.1428E+00
8.7750E+00 4.2277E-01
1.0171E+01 3.9095E-01
9.0270E+00 1.4093E-01
8.8520E+00 1.8263E-01
9.7250E+00 3.9700E-01
8.9120E+00 4.6191E-01
9.4260E+00 3.0165E-01
1.0721E+01 7.7339E-01
8.7520E+00 -2.6902E-02
9.1120E+00 2.8643E-01
8.4590E+00 2.4436E-01
1.0195E+01 4.4345E-01
8.3310E+00 1.9758E-01
9.0340E+00 4.8063E-01
9.4280E+00 5.4985E-01
9.8070E+00 4.3390E-01
9.6650E+00 3.7874E-01
7.9520E+00 3.1979E-01
9.3010E+00 2.5790E-01
8.3780E+00 1.3207E-01
9.3720E+00 1.1950E-04
1.0110E+01 6.5743E-01
8.9420E+00 2.3277E-01
8.7040E+00 6.9229E-02
9.4640E+00 4.5499E-01
9.6740E+00 6.2987E-01
8.9250E+00 1.1447E-01
9.5560E+00 5.2885E-01
8.9040E+00 4.3366E-01
8.9700E+00 5.0449E-01
9.1070E+00 5.0136E-01
8.4020E+00 3.1719E-02
9.2250E+00 1.7411E-01
8.9290E+00 2.0412E-01
9.0320E+00 4.7751E-01
8.7900E+00 5.5016E-01
1.0056E+01 4.2188E-01
8.7820E+00 4.9674E-01
9.2150E+00 5.7550E-01
9.5550E+00 6.7693E-02
9.4490E+00 4.7994E-01
9.2680E+00 2.5348E-01
1.0441E+01 6.0240E-01
9.1880E+00 5.4482E-01
9.4570E+00 4.1532E-01
1.0366E+01 9.1294E-01
8.7680E+00 3.5209E-02
9.5080E+00 4.2277E-01
1.0874E+01 8.5361E-01
9.6620E+00 4.6487E-01
9.7430E+00 6.4013E-01
8.6740E+00 3.0809E-01
9.9340E+00 4.1211E-01
1.0402E+01 8.0084E-01
9.1810E+00 3.0808E-01
9.7490E+00 7.9882E-01
9.5830E+00 3.2656E-01
8.6760E+00 5.6721E-01
8.6030E+00 1.2578E-01
1.0916E+01 6.7583E-01
9.7840E+00 4.1938E-01
9.8630E+00 7.8811E-01
8.7120E+00 2.0178E-01
9.9270E+00 5.4211E-01
9.4490E+00 8.5440E-01
9.4530E+00 6.3265E-01
8.8630E+00 3.9454E-01
9.0540E+00 3.7581E-01
1.0539E+01 7.6629E-01
8.6050E+00 1.6485E-01
8.9080E+00 3.0528E-01
8.9540E+00 8.1130E-02
9.6070E+00 4.4171E-01
1.0182E+01 6.3901E-01
9.0490E+00 3.2902E-01
9.9400E+00 8.6726E-01
9.0980E+00 6.0175E-01
9.0030E+00 3.9259E-01
9.5840E+00 6.1235E-01
9.4550E+00 3.7597E-01
9.4280E+00 8.3724E-02
8.7020E+00 7.1072E-01
9.9880E+00 3.4752E-01
8.8560E+00 3.8530E-01
8.7040E+00 6.8717E-02
8.6900E+00 -5.1635E-02
8.9310E+00 1.7669E-01
9.6500E+00 8.0314E-01
9.8100E+00 -INF
8.7720E+00 5.1471E-01
8.8960E+00 2.0538E-01
8.3950E+00 1.6551E-01
9.2760E+00 6.5738E-01
1.0170E+01 6.7699E-01
1.0649E+01 4.3815E-01
8.4630E+00 -2.2935E-02
9.1300E+00 1.5380E-01
1.0086E+01 4.8323E-01
9.4880E+00 7.6247E-01
9.1280E+00 4.9807E-01
8.7580E+00 -9.0346E-03
8.9450E+00 3.6868E-01
9.3720E+00 6.6153E-01
9.7380E+00 7.6315E-01
8.1720E+00 -1.6424E-02
8.7990E+00 3.3957E-01
8.1860E+00 4.5848E-02
8.4820E+00 2.8874E-02
9.4960E+00 1.5209E-01
9.8710E+00 4.6385E-01
9.5470E+00 4.8803E-01
8.8000E+00 2.7136E-01
1.0093E+01 7.0047E-01
9.6470E+00 4.8760E-01
8.9910E+00 4.5938E-01
8.5380E+00 2.4808E-01
8.8240E+00 3.6424E-01
8.8410E+00 4.5321E-01
8.2800E+00 4.0275E-01
9.3360E+00 5.7574E-01
9.5450E+00 2.8203E-01
9.2130E+00 2.3653E-01
8.2390E+00 2.9854E-02
8.9130E+00 1.2657E-01
7.8400E+00 -9.5570E-02
8.9570E+00 2.6579E-01
9.6490E+00 7.9602E-01
8.2460E+00 5.9034E-02
9.0170E+00 2.8264E-01
1.0459E+01 7.6929E-01
9.5020E+00 5.9879E-01
8.1740E+00 3.8021E-01
9.0910E+00 7.0552E-01
9.9400E+00 3.8401E-01
8.5640E+00 6.2670E-02
1.0185E+01 5.7538E-01
8.7540E+00 6.4496E-04
9.0020E+00 3.9935E-01
8.6660E+00 6.8422E-01
8.8060E+00 2.9121E-01
9.4880E+00 6.7321E-01
8.3120E+00 4.0183E-02
9.5140E+00 3.4850E-01
8.3490E+00 7.4099E-04
8.7840E+00 2.8561E-01
8.2510E+00 -1.2729E-01
1.0253E+01 3.9464E-01
9.5050E+00 5.6684E-01
9.0260E+00 4.7460E-01
1.0531E+01 8.9632E-01
9.4060E+00 4.7157E-01
8.7230E+00 -5.4114E-02
9.9950E+00 7.8507E-01
9.8930E+00 5.6203E-01
9.2630E+00 3.0208E-01
9.3090E+00 7.1890E-01
9.7140E+00 4.4433E-01
9.2680E+00 6.1279E-01
8.8870E+00 1.2741E-01
8.3680E+00 -1.0731E-01
1.0207E+01 4.9003E-01
8.1100E+00 2.7754E-01
9.1780E+00 2.1367E-01
9.1770E+00 2.0307E-01
8.7520E+00 -8.3123E-02
8.2470E+00 -9.5692E-02
1.0057E+01 7.6646E-01
1.0212E+01 4.2020E-01
9.3760E+00 2.5759E-01
8.8820E+00 5.8268E-01
9.9010E+00 4.1021E-01
8.7090E+00 2.1464E-01
8.8680E+00 3.2112E-01
8.8940E+00 3.5080E-01
9.1910E+00 6.1731E-01
9.3130E+00 5.4837E-01
8.4490E+00 3.3794E-01
8.4120E+00 5.2912E-01
9.2970E+00 7.0656E-01
8.8910E+00 2.0368E-02
8.6980E+00 3.7212E-02
7.8740E+00 4.4966E-01
8.6800E+00 2.1986E-01
9.2480E+00 2.6377E-01
9.1560E+00 5.6532E-01
9.1580E+00 3.7928E-01
9.4110E+00 3.2261E-01
1.0423E+01 7.4802E-01
9.6790E+00 3.2813E-01
1.0079E+01 5.3902E-01
9.4770E+00 7.0390E-01
1.0014E+01 3.2788E-01
1.0226E+01 5.0213E-01
9.4750E+00 9.5420E-02
1.0261E+01 6.6633E-01
8.3030E+00 1.1156E-01
1.0120E+01 9.0199E-01
1.0077E+01 4.0968E-01
8.7340E+00 2.2194E-01
1.0881E+01 9.8499E-01
9.1450E+00 3.0794E-01
8.9830E+00 5.2532E-01
8.6670E+00 -6.2863E-02
9.1310E+00 4.7678E-01
8.5670E+00 3.7392E-01
8.6600E+00 4.7628E-01
8.9310E+00 1.8478E-01
8.2800E+00 4.1877E-01
9.0120E+00 3.0175E-01
9.2920E+00 4.4264E-01
1.0342E+01 4.4287E-01
9.6620E+00 4.5494E-01
9.9830E+00 5.6555E-01
8.0020E+00 1.6057E-01
8.6380E+00 5.6846E-01
8.2950E+00 4.5768E-02
9.9710E+00 5.5758E-01
9.9600E+00 1.4866E-01
9.1540E+00 5.2704E-01
1.0629E+01 6.3193E-01
8.9120E+00 2.8800E-01
8.7360E+00 2.5140E-01
9.2750E+00 1.8662E-01
9.0250E+00 7.2192E-02
9.3740E+00 5.2789E-01
8.3890E+00 -1.4426E-02
8.7840E+00 1.3941E-02
9.4030E+00 3.7288E-01
8.2420E+00 5.2199E-02
9.1460E+00 3.6706E-01
8.0300E+00 2.2006E-01
8.7970E+00 1.8137E-01
8.4650E+00 3.7781E-01
8.8020E+00 1.2641E-01
9.5070E+00 2.2260E-01
9.2140E+00 2.2608E-01
9.5900E+00 3.7814E-01
1.0331E+01 7.4084E-01
9.3200E+00 8.1858E-01
8.4180E+00 3.3961E-01
8.4270E+00 5.5869E-01
8.3160E+00 -8.2056E-02
9.8700E+00 3.1440E-01
9.7840E+00 5.6114E-01
7.8870E+00 -1.0423E+00
8.6660E+00 5.1828E-01
8.6270E+00 9.2762E-02
8.2230E+00 -8.5243E-02
9.2810E+00 2.2250E-01
9.0910E+00 6.0154E-01
9.1520E+00 3.3650E-01
8.4640E+00 6.9424E-02
9.4800E+00 -INF
9.2220E+00 2.8268E-01
8.7180E+00 1.7809E-01
9.1210E+00 4.1167E-01
7.7190E+00 4.7822E-02
8.1680E+00 -2.0526E-01
8.0240E+00 3.2058E-01
8.7690E+00 3.8069E-01
9.2910E+00 3.8075E-01
9.8830E+00 5.5908E-01
9.1480E+00 1.3168E-01
8.6560E+00 3.6713E-01
9.3960E+00 4.8018E-01
9.9230E+00 6.3026E-01
8.8420E+00 5.5040E-01
9.1270E+00 -2.3236E-01
8.7780E+00 3.6269E-01
8.7290E+00 4.6161E-01
8.8610E+00 3.1473E-01
8.6510E+00 1.2590E-01
8.8380E+00 2.6583E-01
8.6720E+00 6.0977E-01
8.8580E+00 3.1104E-01
9.1570E+00 4.2393E-01
8.2930E+00 -7.1092E-02
8.4600E+00 4.2098E-01
8.8640E+00 4.4312E-01
9.1550E+00 4.5784E-02
9.5310E+00 6.9982E-01
9.0390E+00 2.1764E-01
9.5880E+00 6.3227E-01
9.2730E+00 6.7894E-01
1.0084E+01 6.3965E-01
8.2110E+00 -2.3324E-02
9.5390E+00 6.5394E-01
1.0252E+01 6.7121E-01
9.0430E+00 5.7998E-01
8.9930E+00 1.2054E-01
9.8510E+00 4.6160E-01
8.6440E+00 -1.2071E-01
9.3460E+00 5.4307E-01
8.3270E+00 3.2392E-01
9.6250E+00 4.4857E-01
9.0050E+00 5.3465E-01
7.6530E+00 3.6103E-02
9.1970E+00 2.3182E-01
9.4650E+00 4.2158E-01
9.0120E+00 2.6644E-02
9.0260E+00 1.7889E-01
7.8660E+00 2.2938E-01
1.0173E+01 6.9073E-01
8.2230E+00 5.1851E-01
8.4400E+00 -8.6566E-02
9.9720E+00 6.6857E-01
8.1350E+00 1.3489E-02
9.1860E+00 4.9315E-01
9.1170E+00 2.7736E-01
9.1540E+00 6.2064E-02
8.4450E+00 8.6755E-02
9.4390E+00 3.8738E-01
9.0790E+00 4.0703E-01
8.9820E+00 3.9928E-01
9.9100E+00 6.2354E-01
9.7700E+00 7.7435E-01
9.5020E+00 5.9614E-01
8.1940E+00 1.1940E-01
8.5180E+00 1.7418E-01
8.5180E+00 1.7418E-01
8.6440E+00 4.4973E-01
8.6440E+00 4.4973E-01
8.1900E+00 1.7588E-01
8.8160E+00 8.5684E-01
8.8160E+00 8.5684E-01
8.2540E+00 2.8903E-01
8.2540E+00 2.8903E-01
8.2540E+00 2.8903E-01
1.0261E+01 8.6581E-01
1.0261E+01 8.6581E-01
1.0261E+01 8.6581E-01
9.3120E+00 2.0684E-01
9.3120E+00 2.0684E-01
9.3120E+00 2.0684E-01
8.4660E+00 4.1318E-01
8.4660E+00 4.1318E-01
8.4660E+00 4.1318E-01
8.4770E+00 -3.9447E-02
8.4770E+00 -3.9447E-02
8.5730E+00 3.7937E-01
8.5730E+00 3.7937E-01
8.5730E+00 3.7937E-01
9.7020E+00 3.5738E-01
9.7020E+00 3.5738E-01
9.5780E+00 6.2066E-01
9.5780E+00 6.2066E-01
9.5780E+00 6.2066E-01
8.9910E+00 3.1670E-01
8.9910E+00 3.1670E-01
8.9910E+00 3.1670E-01
9.1860E+00 4.0182E-01
9.1860E+00 4.0182E-01
9.1860E+00 4.0182E-01
1.0817E+01 7.8335E-01
1.0817E+01 7.8335E-01
1.0817E+01 7.8335E-01
8.4550E+00 -4.9792E-02
8.4550E+00 2.8550E-01
8.4550E+00 2.8550E-01
8.4550E+00 2.8550E-01
8.7390E+00 -1.7753E-02
8.7390E+00 -1.7753E-02
8.5670E+00 -3.9736E-02
8.5670E+00 -3.9736E-02
9.8610E+00 5.4711E-01
9.8610E+00 5.4711E-01
9.8610E+00 5.4711E-01
8.7200E+00 5.5476E-01
9.5270E+00 8.4120E-01
8.5020E+00 3.8522E-01
8.5020E+00 3.8522E-01
8.4320E+00 2.8199E-01
8.4250E+00 2.2578E-01
1.0148E+01 4.9235E-01
1.0148E+01 4.9235E-01
1.0148E+01 4.9235E-01
8.2620E+00 2.9863E-01
8.2620E+00 2.9863E-01
8.2240E+00 2.3394E-01
8.2240E+00 2.3394E-01
8.2240E+00 2.3394E-01
8.2980E+00 3.3001E-01
8.1980E+00 2.6576E-01
8.1980E+00 2.6576E-01
8.5170E+00 3.6847E-02
9.7280E+00 3.5550E-01
9.7280E+00 3.5550E-01
9.7280E+00 3.5550E-01
9.4470E+00 2.0458E-01
9.4470E+00 2.0458E-01
9.4470E+00 2.0458E-01
9.2300E+00 5.6129E-01
9.2300E+00 5.6129E-01
9.2300E+00 5.6129E-01
8.2060E+00 1.8578E-01
8.9350E+00 1.4553E-01
8.5270E+00 1.4151E-01
8.9780E+00 3.8741E-01
8.9780E+00 3.8741E-01
1.0215E+01 4.2179E-01
1.0215E+01 4.2179E-01
1.0215E+01 4.2179E-01
9.4290E+00 3.5346E-01
9.4290E+00 3.5346E-01
9.4290E+00 3.5346E-01
8.9230E+00 3.5918E-01
8.9230E+00 3.5918E-01
8.9230E+00 3.5918E-01
8.8770E+00 3.8194E-01
8.8770E+00 3.8194E-01
8.8770E+00 3.8194E-01
1.0253E+01 7.0373E-01
1.0253E+01 7.0373E-01
1.0253E+01 7.0373E-01
8.3540E+00 1.8483E-01
8.3540E+00 1.8483E-01
8.4240E+00 5.9938E-01
8.4240E+00 5.9938E-01
8.4240E+00 5.9938E-01
9.8910E+00 6.5258E-01
9.8910E+00 6.5258E-01
9.8910E+00 6.5258E-01
9.0320E+00 3.0378E-01
9.9980E+00 4.3580E-01
9.9980E+00 4.3580E-01
9.9980E+00 4.3580E-01
9.5100E+00 2.5468E-01
9.5100E+00 2.5468E-01
9.5100E+00 2.5468E-01
9.7670E+00 4.5187E-01
9.7670E+00 4.5187E-01
9.7670E+00 4.5187E-01
9.5610E+00 5.7606E-01
9.5610E+00 5.7606E-01
9.5610E+00 5.7606E-01
8.2410E+00 2.2572E-01
8.5010E+00 4.6748E-01
8.5010E+00 4.6748E-01
1.0050E+01 4.9573E-01
1.0050E+01 4.9573E-01
1.0050E+01 4.9573E-01
8.5180E+00 2.0049E-01
8.5180E+00 2.0049E-01
8.5180E+00 2.0049E-01
8.8990E+00 4.2611E-01
8.8990E+00 4.2611E-01
8.5420E+00 8.8441E-02
8.5420E+00 8.8441E-02
1.0957E+01 7.8731E-01
1.0957E+01 7.8731E-01
1.0957E+01 7.8731E-01
9.8840E+00 7.1157E-01
9.8840E+00 7.1157E-01
9.8840E+00 7.1157E-01
9.8420E+00 7.1654E-01
9.8420E+00 7.1654E-01
9.8420E+00 7.1654E-01
8.1100E+00 6.9854E-02
8.1100E+00 6.9854E-02
8.2950E+00 5.1876E-02
8.3890E+00 -3.5915E-01
8.3890E+00 -3.5915E-01
8.3890E+00 -3.5915E-01
9.2380E+00 6.4542E-01
9.2380E+00 6.4542E-01
9.2380E+00 6.4542E-01
9.7770E+00 7.1556E-01
9.7770E+00 7.1556E-01
9.7770E+00 7.1556E-01
8.5960E+00 2.6260E-01
8.5580E+00 6.1465E-01
9.9330E+00 1.7760E-01
9.9330E+00 1.7760E-01
9.9330E+00 1.7760E-01
8.6150E+00 3.7082E-01
8.6150E+00 3.7082E-01
8.6150E+00 3.7082E-01
9.7880E+00 8.0459E-01
9.7880E+00 8.0459E-01
9.1040E+00 4.6756E-01
9.1040E+00 4.6756E-01
9.1040E+00 4.6756E-01
8.2230E+00 -2.7659E-01
8.2230E+00 -2.7659E-01
8.2230E+00 -2.7659E-01
8.4560E+00 2.9941E-01
8.6420E+00 5.2237E-01
8.6420E+00 5.2237E-01
8.6420E+00 5.2237E-01
9.4720E+00 6.7083E-01
9.4720E+00 6.7083E-01
9.4720E+00 6.7083E-01
8.5830E+00 -1.9501E-03
8.5830E+00 -1.9501E-03
8.5830E+00 -1.9501E-03
9.9000E+00 8.0917E-01
8.3980E+00 3.2734E-01
9.1160E+00 9.3909E-01
9.1160E+00 9.3909E-01
9.1160E+00 9.3909E-01
9.6770E+00 2.3114E-01
9.6770E+00 2.3114E-01
9.6770E+00 2.3114E-01
8.9420E+00 4.2133E-01
8.9420E+00 4.2133E-01
8.9830E+00 2.2761E-01
1.0007E+01 4.6818E-01
1.0007E+01 4.6818E-01
1.0007E+01 4.6818E-01
9.0240E+00 5.7751E-03
9.0240E+00 5.7751E-03
9.0240E+00 5.7751E-03
9.4250E+00 4.3066E-01
9.4250E+00 4.3066E-01
9.4250E+00 4.3066E-01
8.5110E+00 1.0651E-01
1.0167E+01 6.8318E-01
1.0167E+01 6.8318E-01
1.0167E+01 6.8318E-01
8.4390E+00 3.4343E-01
8.4390E+00 3.4343E-01
8.4390E+00 3.4343E-01
9.1320E+00 5.4104E-01
9.1320E+00 5.4104E-01
9.1320E+00 5.4104E-01
8.7280E+00 1.4215E-01
8.7280E+00 1.4215E-01
8.7280E+00 1.4215E-01
2.9820E+01 -2.6092E-02
9.4200E+00 3.9804E-01
9.4200E+00 3.9804E-01
9.4200E+00 3.9804E-01
8.8310E+00 6.0244E-01
8.8310E+00 6.0244E-01
8.8310E+00 6.0244E-01
8.7140E+00 4.7256E-02
8.7140E+00 4.7256E-02
8.3510E+00 1.8599E-01
8.3510E+00 1.8599E-01
8.3510E+00 1.8599E-01
8.3480E+00 1.1288E-01
8.3480E+00 1.1288E-01
9.8820E+00 8.1306E-01
9.8820E+00 8.1306E-01
9.8820E+00 8.1306E-01
8.9350E+00 3.8320E-01
8.9350E+00 3.8320E-01
8.3830E+00 9.1853E-03
8.3830E+00 9.1853E-03
9.1040E+00 2.0645E-01
9.1040E+00 2.0645E-01
9.1040E+00 2.0645E-01
9.0210E+00 5.6808E-01
9.0210E+00 5.6808E-01
9.0210E+00 5.6808E-01
8.4570E+00 5.3166E-02
8.4570E+00 5.3166E-02
9.8110E+00 7.2614E-01
9.8110E+00 7.2614E-01
9.8110E+00 7.2614E-01
8.9230E+00 3.8069E-01
8.9230E+00 3.8069E-01
8.9230E+00 3.8069E-01
1.0644E+01 9.5073E-01
8.5610E+00 2.1289E-01
8.5610E+00 2.1289E-01
8.5610E+00 2.1289E-01
8.9780E+00 2.3406E-01
8.9780E+00 2.3406E-01
8.9780E+00 2.3406E-01
1.0189E+01 7.3343E-01
1.0189E+01 7.3343E-01
1.0189E+01 7.3343E-01
9.4940E+00 7.1556E-01
9.4940E+00 7.1556E-01
9.4940E+00 7.1556E-01
9.0560E+00 5.9108E-01
9.0560E+00 5.9108E-01
8.8520E+00 4.8425E-01
8.8520E+00 4.8425E-01
8.8520E+00 4.8425E-01
8.8300E+00 3.9536E-02
8.8300E+00 3.9536E-02
8.8300E+00 3.9536E-02
8.4030E+00 3.4172E-01
8.4030E+00 3.4172E-01
8.3480E+00 3.5858E-01
8.3480E+00 3.5858E-01
8.3480E+00 3.5858E-01
7.9440E+00 6.4803E-02
7.9440E+00 6.4803E-02
7.9440E+00 6.4803E-02
8.7320E+00 2.0422E-01
8.7320E+00 2.0422E-01
8.9110E+00 3.0369E-01
8.9110E+00 3.0369E-01
8.5950E+00 4.8466E-01
8.4070E+00 5.1790E-01
8.4070E+00 5.1790E-01
8.4070E+00 5.1790E-01
9.0750E+00 3.0290E-02
9.0750E+00 3.0290E-02
9.0750E+00 3.0290E-02
8.4480E+00 -1.0272E-02
8.4480E+00 -1.0272E-02
8.3270E+00 1.1709E-01
8.3270E+00 1.1709E-01
9.5290E+00 4.0619E-01
9.5290E+00 4.0619E-01
9.5290E+00 4.0619E-01
1.0895E+01 8.8719E-01
1.0895E+01 8.8719E-01
1.0895E+01 8.8719E-01
8.8580E+00 3.6668E-01
9.7090E+00 6.2420E-01
9.7090E+00 6.2420E-01
9.7090E+00 6.2420E-01
9.2460E+00 4.8996E-01
9.2460E+00 4.8996E-01
9.2460E+00 4.8996E-01
8.4430E+00 4.4232E-01
8.4430E+00 4.4232E-01
8.4430E+00 4.4232E-01
8.9440E+00 3.4572E-01
8.6340E+00 5.0010E-03
8.6340E+00 5.0010E-03
8.6340E+00 5.0010E-03
8.3900E+00 2.9851E-01
9.9920E+00 5.1598E-01
9.9920E+00 5.1598E-01
9.9920E+00 5.1598E-01
8.6880E+00 1.6686E-01
1.0256E+01 4.4861E-01
1.0256E+01 4.4861E-01
1.0256E+01 4.4861E-01
7.9760E+00 4.1161E-02
7.9760E+00 4.1161E-02
8.1280E+00 -8.7517E-03
8.1280E+00 -8.7517E-03
8.1280E+00 -8.7517E-03
8.3900E+00 8.4284E-02
8.3900E+00 8.4284E-02
8.4420E+00 1.2003E-01
8.4420E+00 1.2003E-01
8.4420E+00 1.2003E-01
9.6320E+00 3.2678E-01
9.6320E+00 3.2678E-01
9.2330E+00 3.9892E-01
9.2330E+00 3.9892E-01
9.2330E+00 3.9892E-01
9.5350E+00 6.6489E-01
9.5350E+00 6.6489E-01
9.5350E+00 6.6489E-01
8.3410E+00 -6.1625E-02
8.3410E+00 -6.1625E-02
1.0647E+01 4.0788E-01
1.0647E+01 4.0788E-01
8.6740E+00 3.4500E-01
8.6740E+00 3.4500E-01
8.6740E+00 3.4500E-01
1.0635E+01 7.4079E-01
1.0635E+01 7.4079E-01
1.0635E+01 7.4079E-01
9.3800E+00 4.8080E-01
9.3800E+00 4.8080E-01
9.3800E+00 4.8080E-01
8.6510E+00 3.8236E-01
8.6510E+00 3.8236E-01
8.6510E+00 3.8236E-01
8.4390E+00 4.9155E-01
8.4390E+00 4.9155E-01
8.4390E+00 4.9155E-01
8.8010E+00 1.9824E-01
1.0090E+01 4.4851E-01
1.0090E+01 4.4851E-01
9.1260E+00 3.0912E-01
9.1260E+00 3.0912E-01
9.1260E+00 3.0912E-01
8.8540E+00 4.1855E-01
8.4340E+00 2.8556E-01
8.4340E+00 2.8556E-01
8.4340E+00 2.8556E-01
8.5890E+00 3.4090E-01
8.5890E+00 3.4090E-01
8.5890E+00 3.4090E-01
9.5390E+00 2.6768E-01
9.5390E+00 2.6768E-01
8.6910E+00 5.1452E-01
8.6910E+00 5.1452E-01
8.6910E+00 5.1452E-01
1.0026E+01 3.1279E-01
1.0026E+01 3.1279E-01
1.0026E+01 3.1279E-01
8.4550E+00 2.2959E-01
8.4550E+00 2.2959E-01
8.4550E+00 2.2959E-01
8.8640E+00 3.6176E-01
8.3630E+00 2.4229E-01
9.3180E+00 7.5005E-01
9.3180E+00 7.5005E-01
9.3180E+00 7.5005E-01
9.1000E+00 5.5020E-01
9.1000E+00 5.5020E-01
9.1000E+00 5.5020E-01
8.8070E+00 2.3969E-01
8.8660E+00 3.2977E-01
8.8660E+00 3.2977E-01
1.0495E+01 9.6715E-01
1.0495E+01 9.6715E-01
1.0495E+01 9.6715E-01
9.7510E+00 8.2082E-01
9.7510E+00 8.2082E-01
9.7510E+00 8.2082E-01
9.0640E+00 -2.6507E-03
8.4270E+00 5.5211E-02
8.4270E+00 5.5211E-02
8.6110E+00 1.1001E-01
9.2760E+00 7.8006E-01
9.2760E+00 7.8006E-01
9.2760E+00 7.8006E-01
1.0114E+01 5.9931E-01
1.0114E+01 5.9931E-01
8.0680E+00 -1.6456E-02
8.0480E+00 3.6280E-02
8.0480E+00 3.6280E-02
8.6890E+00 3.4778E-01
9.1730E+00 2.6624E-01
9.1730E+00 2.6624E-01
9.1730E+00 2.6624E-01
1.0221E+01 5.4986E-01
1.0221E+01 5.4986E-01
1.0221E+01 5.4986E-01
1.0221E+01 5.4986E-01
9.7260E+00 8.3895E-01
9.7260E+00 8.3895E-01
9.7260E+00 8.3895E-01
8.8420E+00 4.7259E-01
8.8420E+00 4.7259E-01
8.8420E+00 4.7259E-01
7.9660E+00 -1.0757E-01
8.7100E+00 5.1758E-01
8.7100E+00 5.1758E-01
8.7100E+00 5.1758E-01
8.5760E+00 2.1536E-01
8.5760E+00 2.1536E-01
8.2860E+00 2.3495E-01
8.2860E+00 2.3495E-01
8.2860E+00 2.3495E-01
8.4870E+00 -9.6238E-02
8.4870E+00 -9.6238E-02
8.4870E+00 -9.6238E-02
8.8870E+00 2.7539E-01
8.8870E+00 2.7539E-01
8.3950E+00 -6.3656E-02
8.3950E+00 -6.3656E-02
9.0510E+00 2.7976E-01
9.0510E+00 2.7976E-01
8.3420E+00 3.4788E-01
8.9730E+00 3.8745E-01
8.9730E+00 3.8745E-01
8.2900E+00 4.6745E-01
8.3900E+00 1.2741E-01
8.8330E+00 3.5830E-01
8.8330E+00 3.5830E-01
8.8330E+00 3.5830E-01
9.5790E+00 6.8938E-01
9.5790E+00 6.8938E-01
9.0340E+00 3.8710E-01
9.0340E+00 3.8710E-01
9.0340E+00 3.8710E-01
9.2980E+00 3.3550E-01
9.2980E+00 3.3550E-01
9.2980E+00 3.3550E-01
8.7010E+00 3.0035E-01
8.7010E+00 3.0035E-01
9.2130E+00 2.9546E-01
9.2130E+00 2.9546E-01
8.9060E+00 5.7542E-01
8.9060E+00 5.7542E-01
8.9060E+00 5.7542E-01
8.5980E+00 4.6192E-01
8.5980E+00 4.6192E-01
8.5980E+00 4.6192E-01
7.9500E+00 2.3710E-01
0.0000E+00 4.8183E-01
8.6310E+00 -1.6902E-02
9.0310E+00 1.8450E-01
9.0310E+00 1.8450E-01
8.6060E+00 4.0743E-01
1.0005E+01 5.9358E-01
1.0005E+01 5.9358E-01
9.1860E+00 1.9514E-01
8.7210E+00 2.5018E-01
8.7210E+00 2.5018E-01
8.8120E+00 1.5141E-01
8.8120E+00 1.5141E-01
9.5930E+00 6.0251E-01
9.5930E+00 6.0251E-01
9.9850E+00 -INF
9.9850E+00 -INF
8.4700E+00 2.7260E-01
8.4700E+00 2.7260E-01
8.4700E+00 2.7260E-01
8.5790E+00 8.6388E-01
9.3960E+00 4.4807E-01
9.3960E+00 4.4807E-01
9.3120E+00 2.9650E-01
9.3120E+00 2.9650E-01
8.6040E+00 9.3453E-02
8.6040E+00 9.3453E-02
8.6040E+00 9.3453E-02
8.5000E+00 2.6699E-01
8.5000E+00 2.6699E-01
9.9660E+00 6.7098E-01
9.9660E+00 6.7098E-01
8.8700E+00 2.8972E-01
8.8700E+00 2.8972E-01
1.0124E+01 5.5836E-01
1.0124E+01 5.5836E-01
9.4910E+00 2.2829E-01
9.4910E+00 2.2829E-01
9.2750E+00 5.7591E-01
9.2750E+00 5.7591E-01
7.6880E+00 -8.3581E-02
7.6880E+00 -8.3581E-02
7.6880E+00 -8.3581E-02
8.1390E+00 1.7488E-01
8.1390E+00 1.7488E-01
8.4600E+00 2.3032E-01
8.3220E+00 1.2559E-01
9.3440E+00 2.8979E-01
9.3440E+00 2.8979E-01
8.2280E+00 1.4007E-01
8.7830E+00 4.7395E-01
8.7830E+00 4.7395E-01
8.2580E+00 1.2875E-01
1.0538E+01 6.8810E-01
8.3690E+00 9.4483E-02
8.3400E+00 4.3455E-02
8.3400E+00 4.3455E-02
8.3760E+00 2.5548E-01
8.3760E+00 2.5548E-01
8.3760E+00 2.5548E-01
8.2590E+00 1.6920E-01
8.2590E+00 1.6920E-01
8.2590E+00 1.6920E-01
8.2000E+00 5.5009E-01
8.2000E+00 5.5009E-01
9.1230E+00 4.3749E-01
9.1230E+00 4.3749E-01
9.3050E+00 6.1862E-01
9.3050E+00 6.1862E-01
9.0240E+00 2.1966E-01
9.0240E+00 2.1966E-01
1.0448E+01 6.0136E-01
1.0448E+01 6.0136E-01
9.0840E+00 4.7415E-01
9.0180E+00 1.4363E-01
9.0180E+00 1.4363E-01
9.9770E+00 7.5353E-01
9.9770E+00 7.5353E-01
9.0170E+00 5.4524E-01
9.0170E+00 5.4524E-01
9.8550E+00 4.2231E-01
9.8550E+00 4.2231E-01
8.7390E+00 1.7229E-01
8.7390E+00 1.7229E-01
9.5770E+00 5.1101E-01
9.5770E+00 5.1101E-01
8.8170E+00 2.5647E-01
8.8170E+00 2.5647E-01
9.1430E+00 2.8963E-01
9.1430E+00 2.8963E-01
9.1800E+00 4.9922E-01
9.1800E+00 4.9922E-01
9.0100E+00 6.0066E-01
8.0200E+00 2.4858E-01
8.6610E+00 -1.1157E-01
1.0612E+01 4.5028E-01
9.5550E+00 5.7086E-01
9.5550E+00 5.7086E-01
1.0138E+01 3.2448E-01
8.9550E+00 2.6447E-01
8.9550E+00 2.6447E-01
8.5920E+00 4.4262E-01
8.5920E+00 4.4262E-01
8.3250E+00 3.9884E-01
8.3250E+00 3.9884E-01
9.1410E+00 1.7459E-01
9.1410E+00 1.7459E-01
7.9850E+00 1.9886E-01
7.9850E+00 1.9886E-01
9.6500E+00 4.8626E-01
8.7080E+00 1.2868E-01
8.4950E+00 3.1362E-01
8.4950E+00 3.1362E-01
8.4570E+00 1.9707E-02
8.4570E+00 1.9707E-02
9.5120E+00 2.0080E-01
9.5120E+00 2.0080E-01
8.5710E+00 4.4933E-01
8.5710E+00 4.4933E-01
8.8840E+00 4.7994E-01
8.8840E+00 4.7994E-01
9.7830E+00 3.4126E-01
9.7830E+00 3.4126E-01
9.3250E+00 6.8688E-01
9.3250E+00 6.8688E-01
9.0450E+00 2.9166E-01
9.0450E+00 2.9166E-01
8.3480E+00 3.5214E-01
8.3480E+00 3.5214E-01
8.8260E+00 9.7513E-02
8.8260E+00 9.7513E-02
9.6160E+00 7.3724E-01
9.6160E+00 7.3724E-01
9.1580E+00 6.5951E-01
9.1580E+00 6.5951E-01
9.2020E+00 6.2898E-01
9.2020E+00 6.2898E-01
8.4800E+00 3.5948E-01
8.4800E+00 3.5948E-01
8.4490E+00 7.5679E-02
1.0116E+01 5.5837E-01
1.0116E+01 5.5837E-01
9.1430E+00 3.7837E-01
9.1430E+00 3.7837E-01
8.9430E+00 5.1160E-01
8.9430E+00 5.1160E-01
8.6340E+00 5.5519E-01
8.8960E+00 2.3469E-01
9.8680E+00 7.7542E-01
8.7840E+00 3.6887E-01
8.7280E+00 3.4067E-01
9.4430E+00 5.5675E-01
9.6270E+00 2.8107E-01
9.2570E+00 4.0275E-01
1.0655E+01 5.2342E-01
8.9960E+00 8.9368E-02
8.6870E+00 7.5340E-02
1.0324E+01 8.2442E-01
9.2430E+00 3.5218E-01
9.7480E+00 5.2448E-01
8.6950E+00 5.1636E-01
9.0090E+00 7.2593E-01
9.3380E+00 4.2341E-01
8.6830E+00 -2.4676E-02
1.0424E+01 5.9119E-01
8.6870E+00 5.4048E-02
1.0447E+01 7.2158E-01
8.5040E+00 4.1214E-01
9.6540E+00 5.8120E-01
9.3640E+00 3.3807E-01
9.0880E+00 6.2381E-01
8.6320E+00 3.6433E-01
8.7670E+00 2.1852E-01
9.9700E+00 6.4045E-01
9.9470E+00 6.8737E-01
1.0235E+01 6.4629E-01
7.7070E+00 -8.0898E-02
8.4780E+00 4.0873E-01
9.1980E+00 3.2143E-01
8.2190E+00 4.2586E-01
9.3000E+00 5.0055E-01
9.8830E+00 5.4300E-01
8.5080E+00 5.8543E-01
9.2330E+00 4.2429E-01
9.8580E+00 6.9367E-01
9.2140E+00 3.2710E-01
9.2280E+00 2.6366E-01
8.3740E+00 6.8256E-02
9.4370E+00 2.0565E-01
1.0562E+01 7.4364E-01
1.0107E+01 5.1283E-01
9.4090E+00 4.7546E-01
8.5210E+00 3.6992E-01
8.9690E+00 2.0198E-01
8.6010E+00 1.3648E-02
9.3520E+00 3.9919E-01
9.0810E+00 2.3570E-01
9.6830E+00 6.8395E-01
8.9380E+00 3.1406E-01
9.1420E+00 2.7332E-01
8.3590E+00 5.8919E-02
9.2580E+00 6.6320E-01
8.7790E+00 4.3905E-01
9.3070E+00 5.4139E-01
8.8050E+00 6.3310E-01
0.0000E+00 5.5961E-01
9.1130E+00 5.7765E-01
9.9700E+00 5.7021E-01
9.5460E+00 4.0268E-01
9.2340E+00 7.3843E-01
8.7300E+00 -1.9893E-02
9.6420E+00 2.1489E-01
8.8940E+00 6.4871E-01
8.7450E+00 4.0409E-01
9.4200E+00 4.0986E-01
8.4790E+00 2.3232E-01
1.0234E+01 6.7303E-01
8.9340E+00 3.7625E-01
9.4840E+00 2.8867E-01
9.4050E+00 6.0803E-01
1.0458E+01 3.6375E-01
8.5380E+00 1.7157E-02
9.4370E+00 2.7201E-01
9.3730E+00 3.1617E-01
9.5270E+00 5.1273E-01
1.0005E+01 4.5205E-01
9.6200E+00 7.3634E-01
9.2550E+00 4.4490E-01
9.1800E+00 1.7510E-01
8.5680E+00 1.2583E-01
9.1100E+00 1.6481E-01
8.4810E+00 2.8368E-01
8.9730E+00 5.1639E-01
9.2990E+00 5.5491E-01
8.2120E+00 2.5006E-01
8.5690E+00 4.7549E-01
9.4620E+00 6.5071E-01
9.3730E+00 5.0562E-01
8.7280E+00 1.9822E-01
8.6650E+00 2.8982E-01
9.4350E+00 5.6532E-01
8.4000E+00 1.8884E-02
8.4750E+00 2.9629E-01
8.3010E+00 8.7105E-02
8.9340E+00 2.1589E-01
8.8710E+00 3.5547E-01
8.7030E+00 5.6119E-01
9.8340E+00 3.5051E-01
8.4800E+00 1.5523E-01
8.4880E+00 3.2741E-01
8.9150E+00 3.9073E-01
8.9000E+00 2.7237E-01
9.1450E+00 3.8267E-01
1.0965E+01 7.1411E-01
9.3980E+00 6.1802E-01
8.5680E+00 1.8987E-02
8.7650E+00 1.9116E-01
8.6140E+00 3.5023E-01
9.1670E+00 3.0820E-01
1.0506E+01 5.0944E-01
9.7980E+00 6.1392E-01
9.5660E+00 4.6979E-02
8.6490E+00 4.6060E-01
8.7730E+00 3.2359E-01
8.3760E+00 -1.4753E-01
1.0777E+01 6.7064E-01
8.6260E+00 -9.5422E-03
1.0201E+01 5.0132E-01
8.0090E+00 1.7872E-01
9.4730E+00 -INF
8.4310E+00 4.4285E-01
9.4610E+00 6.2293E-02
8.8930E+00 5.4838E-01
8.2550E+00 -2.7927E-03
9.3030E+00 3.1606E-01
9.4100E+00 6.5147E-01
8.4660E+00 -4.7677E-02
9.3330E+00 6.6276E-01
9.1830E+00 4.7192E-01
1.0726E+01 9.5332E-01
9.4320E+00 5.2100E-01
9.4520E+00 2.8656E-01
1.0023E+01 4.5187E-01
8.5230E+00 3.6708E-01
9.5930E+00 2.8859E-01
9.5240E+00 4.1702E-01
9.4200E+00 2.3644E-01
9.4060E+00 7.5381E-01
9.6540E+00 7.3276E-01
1.0705E+01 6.8967E-01
9.4220E+00 3.9722E-01
1.0358E+01 4.8183E-01
9.4590E+00 5.1167E-01
1.0137E+01 5.0850E-01
8.8070E+00 1.6428E-01
8.8430E+00 4.6955E-02
1.0209E+01 6.2052E-01
8.9360E+00 9.1462E-01
8.8410E+00 5.1307E-01
8.2270E+00 -2.8501E-02
9.9030E+00 2.8861E-01
1.0181E+01 5.7605E-01
8.3820E+00 2.8351E-01
9.4230E+00 4.5035E-01
9.7030E+00 3.7950E-01
9.8200E+00 1.9363E-01
9.3790E+00 3.0561E-01
1.0362E+01 7.1760E-01
9.2750E+00 7.0513E-01
9.6800E+00 5.6192E-01
8.9760E+00 4.0974E-01
1.0299E+01 5.6999E-01
9.7770E+00 3.2629E-01
8.6810E+00 4.2939E-01
1.0131E+01 7.2752E-01
9.2840E+00 7.2743E-01
9.1640E+00 1.1776E-01
8.5260E+00 3.6078E-01
1.0175E+01 8.0929E-01
8.0190E+00 8.8488E-02
9.0060E+00 5.0269E-01
8.3530E+00 2.4336E-01
8.9290E+00 3.0441E-01
9.0540E+00 4.0122E-01
8.1580E+00 3.4364E-01
9.2110E+00 2.9094E-01
8.4750E+00 1.0551E-01
9.7210E+00 6.3605E-01
8.5820E+00 2.0079E-01
9.6110E+00 9.0078E-01
9.8040E+00 5.5083E-01
8.1740E+00 1.2341E-02
8.5510E+00 -4.4206E-02
8.0770E+00 -1.0026E-01
9.5600E+00 4.8400E-01
9.4690E+00 4.7192E-01
8.0320E+00 -4.9789E-02
9.5470E+00 6.3716E-01
9.6210E+00 7.0676E-02
8.3880E+00 9.4455E-02
9.3550E+00 4.6203E-01
9.1050E+00 4.7707E-01
8.2550E+00 7.7819E-02
9.8890E+00 3.9437E-01
9.3580E+00 5.4929E-01
9.3830E+00 1.7875E-01
8.5340E+00 3.5145E-01
8.5550E+00 2.9973E-01
1.0210E+01 8.8485E-01
8.6010E+00 3.8871E-01
9.6730E+00 6.7393E-01
8.2680E+00 -1.2158E-01
8.1110E+00 -4.5199E-02
1.0263E+01 6.2403E-01
8.8380E+00 1.5296E-01
9.4500E+00 1.4941E-01
9.5180E+00 4.4621E-01
7.9500E+00 2.2559E-01
9.9080E+00 3.1008E-01
8.4010E+00 -8.9147E-02
9.6340E+00 7.6132E-01
9.3510E+00 1.4037E-01
9.9820E+00 5.2664E-01
8.9020E+00 4.1714E-01
9.1020E+00 1.5508E-01
9.6820E+00 2.0269E-01
8.4190E+00 4.1711E-01
8.9630E+00 1.7339E-01
8.6260E+00 1.4932E-01
9.4750E+00 5.0487E-01
8.4400E+00 4.6505E-01
8.5510E+00 -8.0800E-02
9.2820E+00 7.4478E-01
9.9060E+00 7.9462E-01
8.3600E+00 6.5672E-02
9.3790E+00 5.2765E-01
9.8090E+00 6.0796E-01
9.1430E+00 2.2766E-01
9.0100E+00 3.0660E-01
9.1990E+00 6.0392E-01
8.6420E+00 2.5101E-01
9.9750E+00 9.3276E-01
1.0011E+01 6.0243E-01
9.7950E+00 4.6512E-01
8.2680E+00 7.7309E-02
9.0060E+00 2.3174E-01
9.6150E+00 1.8069E-01
8.8070E+00 1.5241E-01
9.0350E+00 5.2852E-01
8.9910E+00 1.4463E-01
1.0337E+01 6.1321E-01
9.0390E+00 5.8138E-01
8.7620E+00 3.4358E-01
9.2800E+00 4.0924E-01
9.0300E+00 2.1546E-01
7.9530E+00 5.1999E-01
9.4590E+00 3.4548E-01
8.6490E+00 1.1686E-01
1.0790E+01 9.0627E-01
9.4210E+00 4.1251E-01
9.0930E+00 6.9523E-01
9.2000E+00 6.2452E-01
8.8700E+00 4.8433E-01
1.0139E+01 6.6200E-01
9.9760E+00 1.0281E+00
1.0471E+01 4.6873E-01
9.3390E+00 3.5591E-01
8.5920E+00 1.5715E-01
8.8760E+00 2.0645E-01
8.8570E+00 3.0839E-01
8.8540E+00 1.2705E-01
9.2810E+00 7.2129E-01
9.2980E+00 4.3495E-01
9.6340E+00 6.0739E-01
8.2480E+00 2.6910E-01
8.8690E+00 3.8198E-01
1.0251E+01 6.7559E-01
8.7390E+00 2.3510E-01
1.0668E+01 8.1083E-01
8.7170E+00 7.4167E-02
9.3620E+00 4.6324E-01
9.8810E+00 4.2955E-01
9.0900E+00 8.2970E-01
8.5110E+00 1.8826E-01
9.2970E+00 8.8452E-01
9.0710E+00 1.7239E-01
8.9470E+00 1.3494E-01
1.0343E+01 5.3088E-01
9.7050E+00 5.4132E-01
9.3100E+00 5.3979E-01
7.8710E+00 6.8709E-02
9.6000E+00 4.7877E-01
9.7720E+00 5.8954E-01
9.3010E+00 5.9677E-01
8.2220E+00 -1.3276E-02
8.8340E+00 5.2530E-02
9.5020E+00 4.6534E-01
9.8000E+00 4.5164E-01
9.8380E+00 4.5130E-01
9.4550E+00 3.3283E-01
9.5750E+00 5.1779E-01
9.1920E+00 1.3237E-01
8.6540E+00 3.8563E-01
8.5020E+00 7.7160E-02
9.3850E+00 5.0220E-01
8.8410E+00 1.2628E-01
9.2540E+00 4.3589E-01
8.7670E+00 1.2098E-01
9.2040E+00 6.2097E-01
8.7900E+00 4.3902E-01
8.2620E+00 3.1457E-01
9.0370E+00 7.1469E-01
8.8770E+00 3.9958E-01
8.5320E+00 4.3433E-01
9.0840E+00 8.5897E-01
9.1580E+00 3.7752E-01
9.8650E+00 7.5011E-01
1.0642E+01 6.3547E-01
9.5220E+00 7.8092E-01
8.4940E+00 7.3091E-02
8.7520E+00 4.0707E-01
8.4820E+00 6.3805E-02
9.2220E+00 5.1420E-01
1.0475E+01 7.3527E-01
8.5350E+00 3.8371E-01
1.0224E+01 8.6586E-01
1.0431E+01 8.4239E-01
1.0206E+01 3.7636E-01
9.0660E+00 5.0037E-01
9.9670E+00 3.9430E-01
9.2430E+00 3.0775E-01
8.5280E+00 2.5692E-01
1.1072E+01 8.5369E-01
8.2070E+00 2.9932E-01
9.3340E+00 4.2888E-01
8.8050E+00 4.1090E-02
8.2480E+00 3.3774E-02
9.9620E+00 5.7062E-01
9.9720E+00 7.8028E-01
9.5980E+00 2.6801E-01
8.9060E+00 1.3957E-01
1.0192E+01 6.4194E-01
1.0217E+01 5.5350E-01
8.8740E+00 3.0828E-01
8.9060E+00 5.5867E-01
9.0250E+00 4.5995E-01
9.1480E+00 3.7351E-01
8.7560E+00 3.4883E-01
8.7260E+00 2.7615E-01
8.8270E+00 3.5877E-01
9.8310E+00 6.5460E-01
1.0279E+01 8.6222E-01
9.8230E+00 4.9248E-01
9.0550E+00 6.1194E-01
8.5180E+00 2.2519E-01
9.6370E+00 6.7400E-01
9.5800E+00 2.9068E-01
9.7070E+00 7.6425E-01
9.2760E+00 2.7428E-01
8.8200E+00 2.5843E-01
9.8780E+00 3.3457E-01
8.9440E+00 1.9475E-01
1.0682E+01 6.6582E-01
8.1440E+00 2.1655E-01
8.8760E+00 5.1594E-01
1.0268E+01 3.0301E-01
9.3330E+00 5.0024E-02
8.2740E+00 5.4915E-01
8.8030E+00 7.0840E-01
8.5320E+00 4.6326E-01
9.9050E+00 6.3151E-01
8.8580E+00 2.1145E-01
1.0354E+01 3.5960E-01
8.6990E+00 1.7871E-01
8.7830E+00 2.3689E-01
8.9100E+00 1.9937E-01
8.4200E+00 3.5674E-01
9.2400E+00 2.9126E-01
1.0163E+01 7.0053E-01
9.2160E+00 3.4710E-01
9.7150E+00 3.3644E-01
9.7870E+00 6.7080E-01
8.9440E+00 4.6339E-01
8.8440E+00 1.9192E-01
9.3440E+00 3.6226E-01
9.5110E+00 7.5641E-01
9.2430E+00 3.7780E-01
8.9780E+00 1.0370E-01
8.4530E+00 3.9039E-02
9.0980E+00 3.5648E-01
1.0978E+01 9.7197E-01
8.5700E+00 3.1144E-01
9.0200E+00 1.0797E-01
9.7790E+00 8.4944E-01
8.6590E+00 4.8860E-01
9.4480E+00 1.8867E-01
9.0280E+00 4.6898E-01
9.1570E+00 2.0715E-01
8.4650E+00 6.2907E-01
8.4110E+00 1.2924E-01
8.7480E+00 2.4105E-01
8.8260E+00 1.2553E-01
8.8790E+00 6.6523E-01
9.4940E+00 5.6691E-01
1.0604E+01 6.6004E-01
9.1180E+00 6.7363E-01
9.8930E+00 6.8519E-01
9.4310E+00 3.2443E-01
9.2000E+00 3.2220E-01
1.0742E+01 6.3036E-01
9.6980E+00 4.9557E-01
0.0000E+00 2.2061E-02
9.9550E+00 8.0199E-01
1.0011E+01 6.7723E-01
8.2270E+00 -1.8778E-01
0.0000E+00 2.1694E+00
9.5320E+00 3.8403E-01
1.0064E+01 6.2527E-01
9.7880E+00 7.5502E-01
8.7120E+00 6.1074E-02
8.4480E+00 3.2522E-01
9.4930E+00 5.7417E-01
8.6310E+00 -9.4973E-02
8.1060E+00 4.1840E-01
8.6010E+00 4.2440E-01
8.0790E+00 -2.1078E-02
9.3570E+00 1.2838E-01
9.3400E+00 3.3544E-01
9.9140E+00 5.9403E-01
8.8830E+00 3.6662E-01
9.1780E+00 6.7677E-01
9.2580E+00 4.2872E-01
9.7390E+00 7.2296E-01
9.5510E+00 5.0251E-01
9.2510E+00 1.9462E-01
8.8030E+00 2.1050E-01
9.1920E+00 3.5690E-01
8.6510E+00 4.2506E-01
1.0758E+01 8.0339E-01
1.0394E+01 4.7465E-01
9.2220E+00 4.3102E-01
1.0279E+01 7.0993E-01
9.8750E+00 7.8505E-01
9.2360E+00 7.3223E-01
8.9560E+00 6.7620E-01
9.4450E+00 5.9508E-01
1.0480E+01 8.0543E-01
8.2090E+00 3.0241E-01
8.4630E+00 -9.9380E-03
9.0130E+00 4.2284E-01
9.9870E+00 4.9996E-01
8.2960E+00 -1.7786E-02
9.6980E+00 3.1530E-01
8.9680E+00 2.4119E-01
8.3010E+00 3.7896E-01
1.0417E+01 2.1798E-01
9.6560E+00 8.2140E-01
8.7400E+00 2.6584E-01
9.4860E+00 6.8656E-01
8.8670E+00 5.9752E-01
1.0077E+01 7.0355E-01
8.3510E+00 5.7616E-01
9.9140E+00 6.0886E-01
1.0049E+01 5.8969E-01
1.0743E+01 6.2899E-01
9.6590E+00 4.9453E-01
1.0379E+01 5.0655E-01
8.4620E+00 -5.5303E-02
9.3090E+00 4.2324E-01
8.8100E+00 3.4772E-01
8.8690E+00 1.6115E-01
9.8170E+00 8.0876E-01
9.6150E+00 5.7122E-01
1.0740E+01 7.0687E-01
8.9420E+00 2.0088E-01
9.3570E+00 6.3033E-01
9.3610E+00 5.2134E-01
8.7360E+00 2.0008E-01
1.0848E+01 5.9189E-01
9.6340E+00 5.4027E-01
8.2930E+00 4.5038E-01
8.4270E+00 2.6706E-01
1.0519E+01 1.0679E+00
1.0760E+01 6.8037E-01
8.9820E+00 1.4142E-01
9.3400E+00 5.4717E-01
9.9110E+00 7.8186E-01
1.0247E+01 7.4957E-01
9.3210E+00 4.9406E-01
1.0666E+01 8.5113E-01
8.1130E+00 2.5242E-01
1.0470E+01 8.4615E-01
8.7800E+00 1.3302E-01
9.6510E+00 6.4490E-01
9.2590E+00 6.7235E-01
1.0265E+01 6.5628E-01
8.6430E+00 5.8865E-01
9.2350E+00 4.7851E-01
8.9250E+00 4.8988E-01
1.1042E+01 8.8914E-01
9.0120E+00 2.3994E-01
8.9010E+00 5.0877E-01
1.0030E+01 7.0989E-01
1.0936E+01 9.1831E-01
1.0469E+01 5.0101E-01
9.1600E+00 2.6875E-01
9.0830E+00 5.1386E-01
1.0050E+01 3.6855E-01
1.0163E+01 7.0162E-01
1.0045E+01 6.3136E-01
8.7190E+00 5.5556E-01
9.9290E+00 7.3129E-01
1.0155E+01 7.0893E-01
8.5830E+00 3.0817E-01
8.8700E+00 5.0775E-01
9.3650E+00 5.7802E-01
7.5760E+00 6.2152E-01
1.0306E+01 6.9178E-01
9.2780E+00 1.7964E-01
9.2120E+00 5.1318E-01
9.1820E+00 3.9689E-01
9.1590E+00 7.1985E-01
8.4530E+00 2.5747E-01
1.0419E+01 3.2879E-01
9.8560E+00 3.4987E-01
1.0585E+01 4.6342E-01
1.0010E+01 5.9641E-01
8.9780E+00 2.2846E-01
9.4380E+00 5.7677E-01
8.5190E+00 3.0622E-01
1.0122E+01 5.6090E-01
8.5090E+00 1.9103E-01
9.1210E+00 2.0774E-01
7.1620E+00 5.2928E-02
9.3090E+00 2.5907E-01
8.6530E+00 2.1977E-01
9.4950E+00 5.0219E-01
9.5210E+00 6.7163E-01
9.5770E+00 6.0986E-01
8.6950E+00 3.2786E-02
8.9560E+00 2.1133E-01
9.4090E+00 2.0129E-01
8.4180E+00 2.7683E-01
9.8420E+00 3.4214E-01
7.9080E+00 3.9843E-01
9.6250E+00 5.2318E-01
7.9390E+00 -1.1148E-01
8.6200E+00 2.3674E-01
9.8000E+00 5.6820E-01
8.9490E+00 1.5483E-01
9.0480E+00 3.5142E-01
9.7490E+00 3.6438E-01
8.4380E+00 4.3586E-01
9.8080E+00 1.9249E-01
8.8830E+00 8.8322E-02
8.3090E+00 2.4270E-01
8.7900E+00 6.9425E-01
8.4760E+00 -8.2280E-03
