# CANDELSData>	col 0: Mass	col 1: Size	Between redshifts 0.5 and 0.8
1.0154E+01 5.4101E-01
8.7600E+00 6.5169E-01
9.4150E+00 3.5613E-01
9.5670E+00 5.5615E-01
9.5000E+00 3.6848E-01
9.7660E+00 6.8589E-01
9.3670E+00 2.7076E-01
1.0547E+01 6.7743E-01
1.0283E+01 9.3295E-01
1.0376E+01 5.9791E-01
9.3580E+00 3.6549E-01
8.6020E+00 3.0201E-01
9.4200E+00 5.8265E-01
1.0160E+01 4.4953E-01
9.2430E+00 7.6665E-01
1.0314E+01 5.3106E-01
1.0967E+01 8.2878E-01
9.3440E+00 7.4131E-01
9.8240E+00 3.1092E-01
1.0672E+01 7.4056E-01
1.0194E+01 7.8772E-01
9.3960E+00 3.1188E-01
9.2550E+00 2.5921E-01
1.0077E+01 3.4525E-01
9.9480E+00 4.2002E-01
9.5920E+00 4.7091E-01
1.0501E+01 6.6729E-01
9.3550E+00 7.4763E-01
9.8230E+00 7.7013E-01
9.5430E+00 4.3918E-01
1.0579E+01 5.4344E-01
9.6160E+00 2.1440E-01
1.1128E+01 5.8444E-01
9.5440E+00 1.4000E-01
9.6770E+00 5.0489E-01
9.5340E+00 5.0408E-01
1.0383E+01 6.6038E-01
1.0845E+01 7.7837E-01
1.0845E+01 7.7837E-01
1.0402E+01 5.7574E-01
1.0228E+01 6.3353E-01
9.4400E+00 4.6414E-01
9.8660E+00 4.4230E-01
9.5950E+00 4.0749E-01
9.7910E+00 2.8084E-01
9.7200E+00 3.8639E-01
1.0091E+01 4.9609E-01
9.7900E+00 6.7618E-01
9.4040E+00 5.0614E-01
9.6590E+00 1.8002E-01
1.0908E+01 8.5122E-01
9.0320E+00 2.9179E-01
9.8890E+00 2.9488E-01
1.0170E+01 7.2131E-01
9.5280E+00 5.3418E-01
9.3320E+00 3.0304E-01
9.6620E+00 5.1218E-01
9.6620E+00 5.1218E-01
9.6660E+00 2.3720E-01
9.0850E+00 2.0056E-01
9.6410E+00 6.5014E-01
1.0020E+01 3.9047E-01
9.6640E+00 6.6999E-01
9.4200E+00 2.4715E-01
9.5400E+00 7.4659E-01
9.7530E+00 5.6725E-01
1.0447E+01 6.0593E-01
9.8380E+00 7.4593E-01
9.8710E+00 5.8211E-01
1.0320E+01 9.1482E-01
1.0228E+01 2.1794E-01
8.8980E+00 3.9689E-01
9.0710E+00 4.4590E-01
1.0391E+01 1.7768E-01
9.7750E+00 6.2087E-01
9.7600E+00 7.6641E-01
9.2260E+00 6.4942E-01
1.0177E+01 5.0082E-01
1.0519E+01 8.1723E-01
9.3660E+00 4.7746E-01
1.0010E+01 8.0761E-01
9.0980E+00 4.5330E-01
9.4120E+00 2.4294E-01
9.3950E+00 6.4553E-01
9.6900E+00 4.7400E-01
9.0960E+00 9.6247E-02
1.0425E+01 5.1976E-01
8.9460E+00 6.2607E-01
1.0364E+01 6.6487E-01
9.9160E+00 5.7585E-01
9.7370E+00 5.8461E-01
8.9550E+00 5.4104E-01
9.3780E+00 4.7270E-01
1.0284E+01 4.5272E-01
9.7710E+00 3.0744E-01
9.7620E+00 4.3125E-01
1.0517E+01 4.6327E-01
1.0516E+01 3.7909E-01
1.0112E+01 3.4471E-01
9.5320E+00 4.3811E-01
9.8660E+00 7.3265E-01
9.3480E+00 4.9843E-01
1.0409E+01 5.0816E-01
9.1660E+00 6.0690E-01
9.0780E+00 3.0982E-01
9.8710E+00 5.5788E-01
9.6130E+00 7.4958E-01
1.0332E+01 5.5949E-01
9.2990E+00 5.5371E-01
9.1730E+00 6.8268E-01
9.0150E+00 5.0506E-01
9.5190E+00 2.6466E-01
9.9720E+00 3.8701E-01
9.5690E+00 5.0444E-01
1.0844E+01 9.0943E-01
9.8740E+00 1.7477E-01
9.7440E+00 2.7020E-01
1.0075E+01 3.3017E-01
1.0075E+01 3.3017E-01
9.1380E+00 4.7764E-01
9.0930E+00 1.0677E-01
9.0930E+00 1.0677E-01
1.0596E+01 5.6879E-01
9.3710E+00 5.8688E-01
1.0465E+01 5.3168E-01
9.6690E+00 2.9381E-01
1.0015E+01 6.9875E-01
1.0253E+01 5.1185E-01
1.0678E+01 6.1696E-01
1.0971E+01 9.1609E-01
9.7690E+00 1.9133E-01
9.7690E+00 1.9133E-01
8.7380E+00 1.4337E-01
9.7300E+00 5.2239E-01
9.1770E+00 2.2884E-01
9.5660E+00 7.8192E-01
9.3130E+00 3.7937E-01
9.3200E+00 5.8166E-01
1.0285E+01 2.2440E-01
9.8070E+00 1.8640E-01
9.8610E+00 4.7105E-01
9.3670E+00 5.2987E-01
9.9590E+00 6.5780E-01
1.0808E+01 7.4375E-01
9.7880E+00 5.3641E-01
1.0235E+01 5.6519E-01
9.5720E+00 6.9859E-01
1.0230E+01 7.2751E-01
8.7440E+00 2.8524E-01
1.0863E+01 7.2193E-01
8.9910E+00 2.3683E-01
1.0188E+01 4.3988E-01
9.7660E+00 6.2438E-01
9.5130E+00 5.0671E-01
9.6900E+00 6.3752E-01
9.1640E+00 2.3587E-01
8.5540E+00 1.1035E-01
9.5610E+00 2.6299E-01
1.0163E+01 5.2098E-01
1.0666E+01 9.6079E-01
1.0752E+01 8.7969E-01
9.0440E+00 5.3141E-01
9.4700E+00 6.0802E-01
9.5080E+00 4.5744E-01
9.3860E+00 2.8349E-01
9.2110E+00 3.0959E-01
1.1153E+01 9.6425E-01
9.2700E+00 2.5551E-01
9.0050E+00 2.3025E-01
9.4860E+00 5.8854E-01
9.4650E+00 4.4498E-01
9.6060E+00 8.4336E-01
8.9680E+00 1.8661E-01
9.2200E+00 3.2551E-01
9.9360E+00 4.4361E-01
9.3910E+00 5.5650E-01
9.4400E+00 7.2347E-01
1.0837E+01 5.8276E-01
8.9950E+00 3.2918E-01
9.4660E+00 3.9671E-01
1.0173E+01 4.0410E-01
9.1880E+00 7.3305E-01
9.4650E+00 2.8652E-01
9.6070E+00 5.8825E-01
9.4880E+00 4.6227E-01
1.0048E+01 5.7341E-01
9.5250E+00 6.8244E-01
9.9650E+00 6.4433E-01
9.2470E+00 5.6658E-01
8.7930E+00 5.3043E-01
9.2750E+00 5.9505E-01
1.0312E+01 6.1975E-01
9.1680E+00 3.5662E-01
9.2090E+00 1.8107E-01
9.4090E+00 2.9651E-01
1.0658E+01 2.3331E-01
9.6230E+00 4.5549E-01
1.0532E+01 7.0824E-01
9.4070E+00 5.0156E-01
1.0313E+01 8.0775E-01
9.6360E+00 6.6262E-01
1.0799E+01 4.9644E-01
1.0055E+01 4.3172E-01
1.0562E+01 6.4001E-01
8.9950E+00 2.1844E-01
1.0163E+01 4.8569E-01
1.1137E+01 9.8585E-01
9.8990E+00 6.9132E-01
9.8990E+00 6.9132E-01
9.0610E+00 4.0705E-01
7.9830E+00 9.7466E-02
7.9830E+00 9.7466E-02
9.0040E+00 2.9107E-01
9.5120E+00 3.9355E-01
9.1580E+00 1.7338E-01
9.4650E+00 4.0340E-01
9.8330E+00 6.8055E-01
1.0032E+01 5.6361E-01
9.9590E+00 3.7048E-01
1.1843E+01 7.0222E-01
1.0669E+01 6.5531E-01
1.0441E+01 6.1961E-01
1.0105E+01 4.6763E-01
9.4800E+00 2.7849E-01
9.9200E+00 5.3081E-01
1.0476E+01 2.9430E-01
1.0086E+01 3.1536E-01
9.7760E+00 7.1924E-01
8.9080E+00 8.8653E-02
1.0674E+01 5.9841E-01
1.0766E+01 8.0083E-01
9.7230E+00 6.8656E-01
9.2530E+00 1.8595E-01
1.0296E+01 4.0478E-01
9.4050E+00 3.4962E-01
9.4890E+00 2.6268E-01
9.2740E+00 6.7855E-01
9.5960E+00 3.1795E-01
8.7200E+00 1.1614E-01
9.1790E+00 5.4213E-01
9.1790E+00 5.4213E-01
1.0376E+01 2.5516E-01
9.9180E+00 6.2731E-01
1.0181E+01 4.7910E-01
9.8540E+00 6.3700E-01
9.4160E+00 5.7955E-01
9.3660E+00 4.4201E-01
1.0037E+01 1.5230E-01
9.4910E+00 4.4245E-01
9.2520E+00 4.7224E-01
1.0557E+01 7.3056E-01
1.0203E+01 5.6745E-01
9.8390E+00 6.9531E-01
1.0109E+01 5.9806E-01
9.0330E+00 4.1856E-01
1.0862E+01 4.9965E-01
1.0310E+01 6.1283E-01
8.9610E+00 2.1676E-01
9.3230E+00 4.4521E-01
9.5540E+00 7.3688E-01
1.0581E+01 5.1246E-01
9.6920E+00 4.6005E-01
1.0147E+01 6.5775E-01
9.3620E+00 6.7916E-01
9.5720E+00 4.7924E-01
9.4270E+00 4.4455E-01
1.0299E+01 8.0150E-01
9.2360E+00 2.7021E-01
9.8930E+00 4.8794E-01
1.0509E+01 5.2726E-01
9.8400E+00 5.1581E-01
1.0689E+01 1.0277E+00
9.3910E+00 6.6944E-01
9.4200E+00 7.5209E-01
9.7400E+00 6.7011E-01
8.8240E+00 1.9276E-01
8.5490E+00 1.2550E-01
1.0654E+01 7.8014E-01
9.7460E+00 2.0892E-01
9.1810E+00 1.5688E-01
9.9780E+00 7.5879E-01
8.2190E+00 5.1240E-02
1.0006E+01 7.5318E-01
9.5460E+00 1.8342E-01
9.6330E+00 2.7186E-01
9.0970E+00 1.4508E-01
9.2620E+00 6.0892E-01
1.0617E+01 8.1831E-01
1.0055E+01 5.0805E-01
1.0013E+01 7.1226E-01
8.8770E+00 4.0137E-01
1.0353E+01 6.3121E-01
9.4690E+00 4.7935E-01
1.0528E+01 4.7890E-01
9.2210E+00 2.8821E-01
9.4230E+00 2.0076E-01
8.9150E+00 1.0999E-01
1.0119E+01 6.7181E-01
8.8220E+00 6.1012E-01
9.1730E+00 2.2783E-01
9.4800E+00 -INF
1.0035E+01 4.9754E-01
9.8510E+00 3.7982E-01
1.0539E+01 7.9568E-01
8.9040E+00 2.4395E-01
9.0910E+00 6.8948E-01
1.0964E+01 7.7581E-01
9.4900E+00 3.6779E-01
9.2820E+00 3.2403E-01
9.9720E+00 6.4746E-01
8.7770E+00 1.2159E-01
1.0056E+01 6.0895E-01
9.4560E+00 2.8819E-01
9.7440E+00 6.0166E-01
9.1450E+00 2.7632E-01
1.0330E+01 7.7518E-01
9.6380E+00 8.2293E-01
1.0216E+01 8.6304E-01
9.8390E+00 4.0332E-01
1.0039E+01 5.6829E-01
9.7670E+00 5.7324E-01
8.5410E+00 4.7283E-01
9.7440E+00 5.7141E-01
8.8830E+00 1.8556E-01
9.0800E+00 5.1752E-01
9.3690E+00 2.3276E-01
9.6130E+00 4.5935E-01
9.9750E+00 6.3359E-01
9.0720E+00 1.3046E-01
9.2930E+00 2.3142E-01
1.0535E+01 7.7729E-01
9.5790E+00 3.0288E-01
9.6910E+00 4.6582E-01
9.1350E+00 2.3880E-01
1.0580E+01 6.4549E-01
9.2090E+00 5.5936E-01
1.0149E+01 7.5024E-01
9.6520E+00 5.3815E-01
9.1190E+00 5.8309E-01
1.0859E+01 6.9846E-01
1.0468E+01 7.9773E-01
9.1710E+00 5.9079E-01
1.0006E+01 3.6660E-01
9.4240E+00 5.8855E-01
9.3450E+00 8.5500E-02
1.0525E+01 6.0436E-01
9.2110E+00 6.2854E-01
9.4860E+00 2.4758E-01
1.0131E+01 3.8973E-01
9.1660E+00 3.5154E-01
9.5170E+00 3.8080E-01
1.0876E+01 4.5839E-01
9.2400E+00 1.0160E-01
9.6190E+00 6.2573E-01
9.2160E+00 5.0965E-01
9.6270E+00 5.0153E-01
9.0920E+00 5.2312E-01
1.0473E+01 6.3169E-01
9.3330E+00 4.5712E-01
9.9320E+00 4.0835E-01
9.7510E+00 4.8287E-01
1.0791E+01 8.2116E-01
9.0810E+00 5.8317E-02
9.9780E+00 4.6374E-01
9.3690E+00 -2.6630E-02
9.3690E+00 -2.6630E-02
9.5070E+00 -2.3970E-01
9.7580E+00 8.2587E-01
1.0512E+01 6.9097E-01
1.0169E+01 6.7770E-01
9.7770E+00 6.6509E-01
1.1012E+01 7.3191E-01
1.0690E+01 5.1160E-01
9.5930E+00 4.6024E-01
9.0690E+00 4.9912E-01
9.5180E+00 5.0695E-01
9.3140E+00 7.7467E-01
9.6910E+00 5.9970E-01
9.6890E+00 7.8767E-01
9.9740E+00 5.2067E-01
9.3340E+00 2.0846E-01
9.7710E+00 4.2533E-01
9.7590E+00 4.8654E-01
9.3630E+00 3.3870E-01
1.0485E+01 7.8008E-01
9.9940E+00 8.8935E-01
1.0748E+01 4.4858E-01
9.8580E+00 6.2019E-01
9.1960E+00 2.6367E-01
9.9930E+00 8.3026E-01
9.8120E+00 3.1080E-01
9.0910E+00 7.3871E-01
1.0039E+01 3.2454E-01
1.0198E+01 5.3100E-01
1.0469E+01 4.9924E-01
8.6920E+00 3.1318E-01
1.0286E+01 7.5776E-01
8.4600E+00 5.4451E-01
1.0136E+01 6.6784E-01
9.7800E+00 7.1219E-01
9.9140E+00 3.0801E-01
9.4830E+00 2.7898E-01
9.5510E+00 3.9239E-01
8.6810E+00 2.0598E-01
1.0496E+01 5.6309E-01
9.7830E+00 5.7873E-01
1.0567E+01 6.4836E-01
1.0137E+01 5.4922E-01
1.0470E+01 6.4313E-01
9.1410E+00 4.9155E-01
9.1570E+00 4.3970E-01
9.2470E+00 4.7652E-01
9.8950E+00 3.3610E-01
1.0041E+01 4.7419E-01
1.0773E+01 7.4809E-01
9.1910E+00 3.0514E-01
9.3870E+00 3.5973E-01
8.8370E+00 5.4250E-01
9.4200E+00 5.0290E-01
1.0378E+01 5.9113E-01
9.4380E+00 3.4462E-01
9.0080E+00 5.5021E-01
1.0679E+01 5.1893E-01
9.2260E+00 4.1482E-01
1.0340E+01 4.9718E-01
9.1060E+00 1.6192E-01
1.1092E+01 1.0264E+00
9.7060E+00 4.8129E-01
9.5160E+00 5.4506E-01
9.1810E+00 4.8038E-01
1.0805E+01 4.7175E-01
9.1800E+00 5.1832E-01
9.9620E+00 6.3377E-01
9.7280E+00 6.7751E-01
9.0250E+00 3.7922E-01
1.0176E+01 5.1166E-01
9.7010E+00 2.4003E-01
1.0067E+01 5.6314E-01
8.9010E+00 5.1031E-01
9.2620E+00 2.0641E-01
9.4530E+00 1.9071E-01
9.6250E+00 2.5013E-01
9.6630E+00 4.7150E-01
9.6390E+00 4.5329E-01
9.9580E+00 4.4836E-01
9.6870E+00 3.0830E-01
9.5810E+00 5.7275E-01
1.0146E+01 6.7522E-01
8.9370E+00 1.8570E-01
9.3890E+00 2.1620E-01
1.0310E+01 1.6719E-01
9.2240E+00 2.8570E-01
1.0880E+01 6.6812E-01
1.0438E+01 6.4699E-01
1.0187E+01 6.6616E-01
9.6530E+00 7.3379E-01
9.8810E+00 5.7820E-01
8.8610E+00 4.0852E-01
9.5200E+00 4.6049E-01
9.0890E+00 2.6303E-01
9.8300E+00 4.9727E-01
9.0320E+00 5.8493E-01
1.0066E+01 4.4180E-01
9.6810E+00 3.3030E-01
9.5020E+00 4.0290E-01
9.3910E+00 4.0688E-01
1.0248E+01 4.2175E-01
1.0813E+01 8.1351E-01
9.7770E+00 7.6772E-01
9.8400E+00 4.8344E-01
9.7710E+00 2.7977E-01
9.5970E+00 4.9514E-01
1.0045E+01 5.0532E-01
9.9560E+00 2.2896E-01
9.5460E+00 3.6555E-01
1.0542E+01 5.7463E-01
8.7330E+00 1.4528E-01
9.7700E+00 3.7740E-01
1.0331E+01 5.0017E-01
8.8680E+00 1.0450E-01
9.5570E+00 5.6614E-01
9.6490E+00 5.7984E-01
1.0303E+01 5.8531E-01
9.2160E+00 4.5081E-01
8.8630E+00 4.5488E-01
9.5680E+00 6.2639E-01
9.2020E+00 2.2684E-01
9.5290E+00 2.4998E-01
9.3560E+00 2.6108E-01
9.3940E+00 3.6311E-01
9.2170E+00 2.7593E-01
9.7770E+00 2.8875E-01
9.6920E+00 3.9300E-01
1.0847E+01 6.9577E-01
8.6320E+00 2.0479E-01
9.1250E+00 5.6412E-01
1.1012E+01 7.2560E-01
9.9410E+00 6.7486E-01
9.2920E+00 5.1760E-01
8.6330E+00 3.6768E-01
9.4050E+00 6.1195E-01
9.1100E+00 6.7258E-01
1.0203E+01 6.9218E-01
8.7260E+00 1.8670E-01
8.7120E+00 4.6831E-01
8.4580E+00 6.4493E-02
9.8550E+00 5.1832E-01
1.0511E+01 4.7363E-01
1.0029E+01 6.2949E-01
8.9510E+00 7.2940E-02
9.5280E+00 5.8573E-01
1.0718E+01 4.2449E-01
8.9940E+00 5.6602E-01
1.0389E+01 7.6912E-01
9.1960E+00 3.7970E-01
9.7180E+00 7.9233E-01
9.0250E+00 2.9126E-01
9.6830E+00 5.8019E-01
1.0139E+01 7.5177E-01
9.3690E+00 6.2647E-01
1.0158E+01 4.9662E-01
9.2420E+00 6.1140E-01
9.5530E+00 5.4466E-01
9.6180E+00 4.1675E-01
9.8030E+00 5.1765E-01
8.9280E+00 5.9299E-01
1.0624E+01 4.1905E-01
8.6820E+00 1.0809E-01
9.6020E+00 3.0723E-01
8.9680E+00 2.6709E-01
9.7190E+00 4.0080E-01
8.7520E+00 5.1147E-01
1.0042E+01 3.8353E-01
1.0513E+01 8.5546E-01
9.4440E+00 5.0350E-01
1.0142E+01 5.7954E-01
8.6790E+00 2.1092E-01
8.6160E+00 4.3473E-01
1.0583E+01 7.2402E-01
1.1234E+01 9.5850E-01
1.0072E+01 5.0651E-01
9.4200E+00 3.2574E-01
8.8240E+00 2.5334E-01
1.1156E+01 9.2553E-01
8.9130E+00 6.3473E-01
9.9740E+00 5.4242E-01
9.1130E+00 6.7188E-01
9.3980E+00 4.6311E-01
9.0720E+00 4.4925E-01
9.7230E+00 4.3303E-01
1.0653E+01 6.6192E-01
9.0090E+00 3.6086E-01
8.6850E+00 1.4109E-01
9.3820E+00 3.6094E-01
9.9660E+00 8.4852E-01
9.0150E+00 5.2428E-01
9.9710E+00 5.4153E-01
8.7010E+00 3.2189E-01
9.1090E+00 2.2145E-01
8.7940E+00 5.4373E-01
8.8850E+00 4.2813E-01
9.6020E+00 5.7904E-01
9.7760E+00 3.7447E-01
9.5990E+00 3.8288E-01
8.8110E+00 1.1539E-01
8.9470E+00 2.8262E-01
1.0091E+01 1.3960E+00
8.8210E+00 1.4907E-01
1.0510E+01 7.9271E-01
8.8300E+00 2.2473E-01
1.0455E+01 4.3134E-01
9.1870E+00 5.9620E-01
1.0434E+01 6.5808E-01
1.0987E+01 7.4683E-01
9.2830E+00 1.4993E-01
8.8130E+00 3.6345E-01
9.7370E+00 3.2492E-01
9.0570E+00 4.2515E-01
1.0400E+01 3.6837E-01
1.0641E+01 5.2867E-01
9.8950E+00 6.7171E-01
9.5130E+00 1.0792E+00
8.4830E+00 3.5923E-01
9.1730E+00 1.1997E-01
8.9850E+00 2.4798E-01
9.8360E+00 2.9138E-01
9.7800E+00 5.1590E-01
9.6110E+00 6.2154E-01
9.2270E+00 5.1907E-01
1.0313E+01 8.3462E-01
8.5070E+00 6.1678E-01
9.6350E+00 5.9039E-01
1.0013E+01 5.3345E-01
9.1780E+00 5.8259E-01
8.6860E+00 1.4219E-01
9.2320E+00 5.5142E-01
9.1070E+00 1.4680E-01
9.1200E+00 1.2051E-01
8.9360E+00 1.3564E-01
8.6730E+00 1.0026E-01
1.0525E+01 6.5523E-01
9.7180E+00 7.6936E-01
9.1320E+00 2.7143E-01
9.4380E+00 2.9350E-01
8.9570E+00 4.6870E-01
9.7530E+00 5.7484E-01
1.0414E+01 4.2908E-01
9.0210E+00 2.6884E-01
9.0930E+00 3.9237E-01
8.8570E+00 4.0759E-01
1.0758E+01 6.8535E-01
9.9020E+00 3.3205E-01
8.8170E+00 4.5779E-01
9.5250E+00 6.6582E-01
1.0205E+01 7.8129E-01
9.8940E+00 3.8347E-01
8.5840E+00 1.3312E-02
1.0090E+01 7.0319E-01
9.3550E+00 2.1211E-01
9.8650E+00 6.9087E-01
9.6660E+00 5.6363E-01
9.0420E+00 4.2680E-01
9.8230E+00 8.0336E-01
8.6940E+00 2.4070E-01
1.0058E+01 6.0165E-01
9.7330E+00 4.4184E-01
1.0115E+01 6.7476E-01
1.0298E+01 6.1532E-01
9.9660E+00 4.7523E-01
9.2960E+00 1.6201E-01
1.0776E+01 7.7943E-01
1.0046E+01 3.7635E-01
8.6640E+00 6.1893E-01
8.7000E+00 2.3322E-02
9.0740E+00 1.7916E-01
9.5660E+00 6.8166E-01
9.0780E+00 1.1210E-01
1.1339E+01 9.8372E-01
9.5790E+00 5.9082E-01
9.4580E+00 2.1460E-01
8.7360E+00 6.6292E-01
9.3640E+00 2.5754E-01
9.3190E+00 5.0010E-01
9.2550E+00 4.5908E-01
9.8520E+00 5.0019E-01
1.1357E+01 9.1988E-01
9.1690E+00 2.2789E-01
1.0115E+01 5.4269E-01
9.5020E+00 4.1009E-01
9.4010E+00 2.7144E-01
9.8930E+00 5.0749E-01
8.6060E+00 6.5723E-01
9.8340E+00 4.1457E-01
9.1610E+00 4.7379E-01
9.9940E+00 5.5078E-01
9.0830E+00 4.2808E-01
9.4750E+00 4.9322E-01
9.1540E+00 6.6722E-01
9.6810E+00 2.7711E-01
9.6290E+00 5.4097E-01
1.0531E+01 5.9911E-01
1.0011E+01 7.6857E-01
9.5200E+00 2.7012E-01
9.1660E+00 3.7096E-01
9.9570E+00 5.7336E-01
1.0439E+01 3.8108E-01
1.0995E+01 1.1821E+00
1.0024E+01 6.1499E-01
1.0253E+01 6.3093E-01
1.0392E+01 5.2786E-01
8.8220E+00 3.1462E-01
9.0030E+00 5.4402E-02
1.0240E+01 5.5742E-01
8.7840E+00 3.1344E-01
9.7530E+00 4.1805E-01
8.5280E+00 1.5519E-01
9.1810E+00 7.0881E-01
1.0418E+01 8.9777E-01
1.0556E+01 6.8070E-01
9.7630E+00 2.7094E-01
8.5070E+00 1.1066E-01
9.8020E+00 4.2883E-01
9.0580E+00 6.1682E-01
8.6690E+00 2.1138E-01
1.0666E+01 7.5638E-01
9.3630E+00 1.8026E-01
8.6910E+00 8.9156E-03
1.0474E+01 7.0979E-01
9.1270E+00 4.4637E-01
1.0120E+01 6.9704E-01
9.0680E+00 3.7044E-01
1.0101E+01 6.5865E-01
1.0093E+01 5.6143E-01
1.0683E+01 6.1029E-01
1.0370E+01 6.3205E-01
8.5860E+00 2.8335E-01
8.2470E+00 -9.0753E-02
9.6990E+00 3.7377E-01
9.7140E+00 8.7461E-01
1.0037E+01 4.7695E-01
1.0317E+01 6.2798E-01
9.1990E+00 7.6562E-01
9.3290E+00 2.6834E-01
9.5790E+00 6.0781E-01
8.8330E+00 2.3393E-01
9.5060E+00 4.5260E-01
1.0370E+01 6.2478E-01
9.6020E+00 3.8036E-01
8.9440E+00 5.7137E-01
1.0239E+01 4.8023E-01
1.0072E+01 7.9501E-01
9.2950E+00 4.4800E-01
9.1960E+00 3.9144E-01
1.0209E+01 3.8170E-01
9.8770E+00 3.2300E-01
1.0008E+01 7.7761E-01
8.9730E+00 5.2485E-01
9.6080E+00 6.0261E-01
9.4140E+00 1.6093E-01
9.0730E+00 2.3641E-01
8.9530E+00 1.7409E-01
8.8800E+00 3.8590E-01
9.3050E+00 4.4062E-01
8.8600E+00 2.5063E-01
8.9110E+00 3.9654E-01
9.1130E+00 6.7452E-01
9.4440E+00 2.9874E-01
9.4770E+00 2.4595E-01
8.7210E+00 2.5622E-01
8.8790E+00 9.3008E-02
9.6890E+00 4.2242E-01
9.6410E+00 6.4445E-01
1.0446E+01 4.3546E-01
1.0199E+01 6.3650E-01
9.0960E+00 4.4849E-01
9.2290E+00 2.4061E-01
9.3580E+00 2.2883E-01
0.0000E+00 6.6185E-01
9.4860E+00 4.1384E-01
9.3700E+00 5.6855E-01
8.7740E+00 3.2926E-02
9.8430E+00 3.6186E-01
9.4050E+00 6.3905E-01
8.9300E+00 5.0948E-01
9.0150E+00 7.0340E-01
1.0326E+01 8.0001E-01
9.3110E+00 4.0752E-01
9.1650E+00 6.0688E-01
9.0090E+00 5.3030E-01
9.9780E+00 7.2024E-01
9.4220E+00 4.2809E-01
9.8720E+00 5.4200E-01
1.0137E+01 9.7729E-01
9.6620E+00 4.1540E-01
9.3860E+00 4.6829E-01
9.6800E+00 5.4074E-01
8.8770E+00 2.3741E-01
8.6380E+00 5.2203E-01
9.2540E+00 4.1530E-01
9.7210E+00 8.9397E-01
9.4310E+00 3.6972E-01
8.3580E+00 1.7769E-01
1.0568E+01 3.3151E-01
9.1890E+00 3.7952E-01
9.3420E+00 6.6114E-01
8.9320E+00 5.2269E-01
8.7220E+00 6.0554E-01
9.2900E+00 5.6747E-01
9.2540E+00 2.9108E-01
9.5950E+00 3.8796E-01
1.0044E+01 7.6195E-01
9.6680E+00 3.0442E-01
9.0460E+00 -INF
9.0910E+00 2.5508E-01
9.8730E+00 3.1137E-01
9.6710E+00 5.9320E-01
9.8510E+00 5.6675E-01
9.3240E+00 1.8018E-01
1.0249E+01 7.5817E-01
8.9870E+00 3.2178E-01
9.3330E+00 2.7083E-01
9.7500E+00 5.5100E-01
1.0021E+01 7.4280E-01
8.5090E+00 3.9847E-01
8.8760E+00 3.0697E-01
9.5380E+00 4.5252E-01
9.2380E+00 7.2311E-01
9.3040E+00 2.2587E-01
8.5630E+00 1.0074E+00
9.4990E+00 6.4249E-01
9.4030E+00 5.9111E-01
1.0731E+01 8.2440E-01
1.0211E+01 6.9214E-01
9.4620E+00 2.3635E-01
8.8840E+00 1.2213E-01
1.0720E+01 5.4316E-01
8.6840E+00 3.4327E-01
9.9300E+00 3.6240E-01
8.9580E+00 5.2166E-01
1.1399E+01 4.9447E-01
9.3430E+00 3.8409E-01
1.0150E+01 3.9041E-01
9.3650E+00 5.5189E-01
8.8890E+00 3.7003E-01
9.0580E+00 3.2774E-01
8.2120E+00 6.5100E-01
9.3610E+00 2.3132E-01
9.8880E+00 4.0457E-01
1.0572E+01 5.6515E-01
8.9490E+00 5.1243E-01
9.9830E+00 6.9714E-01
9.7320E+00 4.8082E-01
8.9580E+00 5.8539E-01
8.8980E+00 3.3129E-01
8.7530E+00 3.2134E-01
1.0621E+01 6.9097E-01
9.7700E+00 4.3661E-01
9.1310E+00 2.8757E-01
9.4510E+00 6.6921E-01
9.2250E+00 5.3688E-01
9.9350E+00 4.9378E-01
1.0245E+01 6.0076E-01
9.9840E+00 4.2209E-01
9.4420E+00 2.0715E-01
9.1930E+00 6.3475E-01
9.3120E+00 5.0717E-01
1.0312E+01 9.7248E-01
9.3700E+00 3.8752E-01
7.9950E+00 9.8595E-01
9.4440E+00 3.3698E-01
8.9810E+00 2.1496E-01
9.7070E+00 4.5313E-01
8.9590E+00 2.2851E-01
9.1120E+00 2.5249E-01
9.0510E+00 1.7132E-01
1.0800E+01 2.5432E-01
9.6110E+00 3.7171E-01
9.2740E+00 2.1811E-01
9.2330E+00 6.0593E-01
8.9020E+00 2.1251E-01
8.8080E+00 2.1307E-01
9.5150E+00 7.0033E-01
8.8410E+00 -2.9425E-01
8.7110E+00 6.2155E-01
9.7040E+00 6.6912E-01
8.9740E+00 2.8206E-01
1.0234E+01 4.6121E-01
8.7390E+00 3.3970E-01
8.6510E+00 1.2496E-01
9.8940E+00 6.8009E-01
1.0371E+01 7.4338E-01
9.7990E+00 2.9962E-01
8.8730E+00 2.6097E-01
9.6210E+00 5.9118E-01
1.0301E+01 7.1374E-01
9.9980E+00 5.7034E-01
9.8560E+00 4.3289E-01
8.9010E+00 5.4009E-01
9.4400E+00 2.7269E-01
9.3490E+00 5.8914E-01
8.7550E+00 8.7354E-02
9.7240E+00 5.5969E-01
9.0470E+00 5.1478E-01
9.3710E+00 3.4255E-01
1.0033E+01 7.2408E-01
8.9590E+00 4.9136E-01
9.1070E+00 5.9800E-03
9.2350E+00 3.3867E-01
1.0085E+01 6.3675E-01
9.7880E+00 7.0189E-01
9.0420E+00 2.6058E-01
1.0581E+01 6.1345E-01
9.4120E+00 5.6429E-01
9.2830E+00 6.7833E-01
8.9240E+00 2.6207E-01
9.3450E+00 2.1598E-01
9.8520E+00 4.3700E-01
1.0644E+01 8.8964E-01
9.7280E+00 3.3100E-01
8.4520E+00 6.2708E-01
8.4130E+00 3.2545E-01
9.2980E+00 2.2348E-01
9.2060E+00 5.9922E-01
9.3130E+00 3.7769E-01
9.4380E+00 4.5298E-01
8.9820E+00 5.5513E-01
9.8700E+00 6.3020E-01
9.5550E+00 4.1132E-01
9.3490E+00 4.3576E-01
9.6230E+00 6.4389E-01
8.2050E+00 -5.0866E-02
1.1085E+01 8.4117E-01
9.4640E+00 9.4526E-01
9.1370E+00 1.1249E-01
1.1114E+01 8.8806E-01
1.0664E+01 9.6427E-01
1.0664E+01 9.6427E-01
9.3530E+00 5.0723E-01
9.3380E+00 1.5979E-01
9.3380E+00 1.5979E-01
8.2470E+00 3.9348E-02
8.2470E+00 3.9348E-02
1.1298E+01 6.3387E-01
1.1298E+01 6.3387E-01
8.6910E+00 2.3331E-01
1.0284E+01 7.3319E-01
1.0284E+01 7.3319E-01
8.5660E+00 4.3344E-01
9.1800E+00 3.9230E-01
1.0281E+01 8.3936E-01
1.0281E+01 8.3936E-01
8.9370E+00 3.8897E-01
8.9370E+00 3.8897E-01
8.9370E+00 3.8897E-01
9.4230E+00 4.9426E-01
8.7980E+00 2.6196E-01
1.0704E+01 6.2640E-01
1.0704E+01 6.2640E-01
8.7210E+00 6.0689E-02
8.7210E+00 6.0689E-02
8.7210E+00 6.0689E-02
8.8520E+00 3.2150E-01
8.8780E+00 9.4818E-01
1.0068E+01 5.5142E-01
1.0068E+01 5.5142E-01
1.0068E+01 5.5142E-01
1.0086E+01 7.0467E-01
1.0086E+01 7.0467E-01
1.0086E+01 7.0467E-01
9.5540E+00 2.9931E-01
9.5540E+00 2.9931E-01
9.5540E+00 2.9931E-01
9.2310E+00 5.5219E-01
9.2310E+00 5.5219E-01
9.2440E+00 3.8863E-01
9.2440E+00 3.8863E-01
8.8250E+00 1.6642E-01
8.8250E+00 1.6642E-01
9.7730E+00 4.7267E-01
9.7730E+00 4.7267E-01
9.7730E+00 4.7267E-01
1.1079E+01 5.8948E-01
1.1079E+01 5.8948E-01
1.1079E+01 5.8948E-01
8.6000E+00 2.3589E-01
8.6000E+00 2.3589E-01
9.2040E+00 4.4334E-01
9.2040E+00 4.4334E-01
9.2040E+00 4.4334E-01
9.3070E+00 4.5666E-01
9.3070E+00 4.5666E-01
9.0350E+00 4.2846E-01
9.0350E+00 4.2846E-01
9.8060E+00 5.7532E-01
9.8060E+00 5.7532E-01
9.8060E+00 5.7532E-01
1.0167E+01 1.9704E-01
1.0167E+01 1.9704E-01
1.0167E+01 1.9704E-01
9.8930E+00 4.0202E-01
9.8930E+00 4.0202E-01
9.8930E+00 4.0202E-01
1.0041E+01 7.8326E-01
1.0041E+01 7.8326E-01
1.0041E+01 7.8326E-01
8.6890E+00 2.4705E-01
1.0002E+01 5.0957E-01
1.0002E+01 5.0957E-01
1.0002E+01 5.0957E-01
9.0930E+00 5.6675E-01
8.8720E+00 6.2947E-01
8.0230E+00 2.8384E-01
1.0197E+01 8.4742E-01
1.0197E+01 8.4742E-01
1.0197E+01 8.4742E-01
9.7590E+00 8.1472E-01
9.7590E+00 8.1472E-01
9.7590E+00 8.1472E-01
8.9580E+00 1.4656E-01
9.5160E+00 5.6679E-01
9.9190E+00 5.4646E-01
9.9190E+00 5.4646E-01
9.9190E+00 5.4646E-01
8.9620E+00 1.1398E+00
8.9620E+00 1.1398E+00
8.8090E+00 2.5008E-01
8.8090E+00 2.5008E-01
9.8420E+00 6.5803E-01
9.8420E+00 6.5803E-01
9.8420E+00 6.5803E-01
1.0275E+01 7.2609E-01
9.0280E+00 6.1124E-01
9.0280E+00 6.1124E-01
9.0280E+00 6.1124E-01
1.0900E+01 3.5175E-01
1.0900E+01 3.5175E-01
1.0900E+01 3.5175E-01
8.2560E+00 1.1731E-01
8.7720E+00 9.9625E-02
9.4370E+00 4.0232E-01
9.5100E+00 4.4711E-01
1.0545E+01 4.8787E-01
1.0545E+01 4.8787E-01
9.6600E+00 6.9570E-01
9.6600E+00 6.9570E-01
9.6600E+00 6.9570E-01
1.0285E+01 5.6018E-01
1.0285E+01 5.6018E-01
1.0285E+01 5.6018E-01
9.3630E+00 1.1629E-01
9.3630E+00 1.1629E-01
9.3630E+00 1.1629E-01
9.5020E+00 4.4042E-01
9.5020E+00 4.4042E-01
9.5020E+00 4.4042E-01
8.9300E+00 5.6617E-01
8.9300E+00 5.6617E-01
9.2380E+00 2.4425E-01
9.3130E+00 5.0594E-01
9.3130E+00 5.0594E-01
9.3130E+00 5.0594E-01
8.9010E+00 3.5315E-01
9.1530E+00 3.8886E-01
9.1530E+00 3.8886E-01
9.4390E+00 4.2313E-01
9.4390E+00 4.2313E-01
9.4390E+00 4.2313E-01
1.0366E+01 3.5322E-01
1.0366E+01 3.5322E-01
1.0102E+01 4.2296E-01
9.2890E+00 1.9024E-01
9.2890E+00 1.9024E-01
9.7340E+00 3.5219E-01
9.7340E+00 3.5219E-01
9.7340E+00 3.5219E-01
9.3330E+00 -9.7566E-03
9.3330E+00 -9.7566E-03
9.3330E+00 -9.7566E-03
9.7210E+00 4.4120E-01
9.7210E+00 4.4120E-01
9.6250E+00 5.3460E-01
9.6250E+00 5.3460E-01
9.6250E+00 5.3460E-01
9.3330E+00 7.5021E-01
9.3330E+00 7.5021E-01
9.3330E+00 7.5021E-01
9.6880E+00 3.4649E-01
9.6880E+00 3.4649E-01
9.6880E+00 3.4649E-01
9.2460E+00 3.0061E-01
9.2460E+00 3.0061E-01
8.9200E+00 6.2169E-01
8.9200E+00 6.2169E-01
8.9200E+00 6.2169E-01
8.8960E+00 2.0304E-01
9.4690E+00 4.4304E-01
9.4690E+00 4.4304E-01
9.4690E+00 4.4304E-01
8.7570E+00 3.4291E-01
8.6500E+00 -1.1775E-01
9.3900E+00 2.1457E-01
9.3900E+00 2.1457E-01
9.3900E+00 2.1457E-01
1.0161E+01 5.8876E-01
1.0161E+01 5.8876E-01
1.0161E+01 5.8876E-01
1.0442E+01 7.5038E-01
1.0442E+01 7.5038E-01
1.0442E+01 7.5038E-01
9.2650E+00 5.6996E-01
1.0214E+01 6.0376E-01
1.0214E+01 6.0376E-01
1.0214E+01 6.0376E-01
9.3100E+00 4.7178E-01
9.3100E+00 4.7178E-01
9.3100E+00 4.7178E-01
8.8270E+00 5.3515E-01
8.8270E+00 5.3515E-01
8.8270E+00 5.3515E-01
9.2050E+00 3.0751E-01
9.2050E+00 3.0751E-01
8.9870E+00 1.7226E-01
8.9870E+00 1.7226E-01
9.0780E+00 3.1059E-01
9.0780E+00 3.1059E-01
9.0780E+00 3.1059E-01
1.0152E+01 6.2987E-01
1.0152E+01 6.2987E-01
1.0847E+01 7.3973E-01
1.0847E+01 7.3973E-01
1.0847E+01 7.3973E-01
9.2880E+00 4.2491E-01
9.2880E+00 4.2491E-01
9.7880E+00 5.7175E-01
9.7880E+00 5.7175E-01
9.7880E+00 5.7175E-01
9.5690E+00 5.8771E-01
9.5690E+00 5.8771E-01
9.5690E+00 5.8771E-01
9.8280E+00 6.6069E-01
9.5690E+00 5.3889E-01
9.5690E+00 5.3889E-01
9.5690E+00 5.3889E-01
8.3590E+00 2.1874E-01
8.9670E+00 6.7990E-02
8.9670E+00 6.7990E-02
8.9670E+00 6.7990E-02
8.9670E+00 6.7990E-02
8.6370E+00 6.0770E-01
8.6370E+00 6.0770E-01
8.6370E+00 6.0770E-01
8.7330E+00 5.4922E-01
8.7330E+00 5.4922E-01
8.7330E+00 5.4922E-01
9.0180E+00 3.8135E-01
9.0180E+00 3.8135E-01
9.0180E+00 3.8135E-01
8.6560E+00 1.1795E-01
9.8800E+00 2.5462E-01
9.8800E+00 2.5462E-01
9.8800E+00 2.5462E-01
9.1720E+00 5.7280E-01
9.1720E+00 5.7280E-01
1.0630E+01 7.1892E-01
1.0630E+01 7.1892E-01
1.0630E+01 7.1892E-01
8.7480E+00 1.5480E-01
8.6640E+00 3.8750E-01
8.6640E+00 3.8750E-01
1.0234E+01 6.1323E-01
1.0234E+01 6.1323E-01
9.2300E+00 4.1810E-01
9.2300E+00 4.1810E-01
9.5010E+00 4.3194E-01
9.5010E+00 4.3194E-01
9.5010E+00 4.3194E-01
9.8700E+00 7.7539E-01
9.8700E+00 7.7539E-01
9.8700E+00 7.7539E-01
8.3500E+00 1.4709E-01
8.3500E+00 1.4709E-01
8.3500E+00 1.4709E-01
9.8520E+00 4.7209E-01
9.8520E+00 4.7209E-01
1.0414E+01 5.6787E-01
1.0414E+01 5.6787E-01
1.0414E+01 5.6787E-01
9.3680E+00 5.1101E-01
9.3680E+00 5.1101E-01
9.3680E+00 5.1101E-01
9.6240E+00 7.8415E-01
9.6240E+00 7.8415E-01
9.6240E+00 7.8415E-01
9.3130E+00 4.7726E-01
9.3130E+00 4.7726E-01
1.0216E+01 7.0353E-01
1.0216E+01 7.0353E-01
1.0216E+01 7.0353E-01
1.0454E+01 7.6934E-01
8.5770E+00 2.8790E-01
9.6360E+00 9.2003E-01
9.1780E+00 6.7056E-01
9.1780E+00 6.7056E-01
9.1780E+00 6.7056E-01
9.3560E+00 7.0369E-01
9.3560E+00 7.0369E-01
9.9570E+00 3.4806E-01
9.9570E+00 3.4806E-01
8.9430E+00 5.0403E-01
1.0370E+01 6.4108E-01
1.0370E+01 6.4108E-01
1.0370E+01 6.4108E-01
9.7710E+00 3.8764E-01
9.7710E+00 3.8764E-01
9.7710E+00 3.8764E-01
1.0743E+01 6.7917E-01
1.0743E+01 6.7917E-01
1.0743E+01 6.7917E-01
8.9010E+00 3.6778E-02
8.9010E+00 3.6778E-02
8.9010E+00 3.6778E-02
8.5690E+00 5.8397E-01
8.5690E+00 5.8397E-01
8.5690E+00 5.8397E-01
1.0690E+01 4.0973E-01
1.0690E+01 4.0973E-01
1.0875E+01 7.8351E-01
8.8380E+00 4.2971E-01
8.8380E+00 4.2971E-01
8.8380E+00 4.2971E-01
9.7220E+00 6.8797E-01
9.7220E+00 6.8797E-01
9.7220E+00 6.8797E-01
9.2200E+00 4.2165E-01
9.2200E+00 4.2165E-01
9.2200E+00 4.2165E-01
1.0075E+01 6.9827E-01
1.0075E+01 6.9827E-01
1.0198E+01 6.9212E-01
1.0198E+01 6.9212E-01
1.0198E+01 6.9212E-01
1.0549E+01 6.7206E-01
1.0549E+01 6.7206E-01
1.0549E+01 6.7206E-01
9.6090E+00 4.0718E-01
9.6090E+00 4.0718E-01
9.6090E+00 4.0718E-01
8.7300E+00 5.4844E-01
8.7300E+00 5.4844E-01
8.7300E+00 5.4844E-01
8.7220E+00 5.5016E-01
8.7220E+00 5.5016E-01
8.7220E+00 5.5016E-01
9.0260E+00 3.8367E-01
9.0260E+00 3.8367E-01
1.0137E+01 6.4660E-01
1.0137E+01 6.4660E-01
1.0137E+01 6.4660E-01
1.0498E+01 5.2357E-01
1.0498E+01 5.2357E-01
1.0498E+01 5.2357E-01
8.7940E+00 2.7426E-01
8.7940E+00 2.7426E-01
9.6820E+00 3.5786E-01
9.5020E+00 3.6622E-01
9.6570E+00 2.5645E-01
9.6570E+00 2.5645E-01
9.6570E+00 2.5645E-01
8.9720E+00 2.7240E-01
8.9720E+00 2.7240E-01
8.9720E+00 2.7240E-01
9.9920E+00 3.3750E-01
9.8710E+00 6.9747E-01
9.8710E+00 6.9747E-01
9.7940E+00 7.2142E-01
9.0540E+00 3.4702E-01
9.0540E+00 3.4702E-01
9.0540E+00 3.4702E-01
9.8360E+00 3.3716E-01
9.8360E+00 3.3716E-01
9.8360E+00 3.3716E-01
1.0027E+01 7.6595E-01
9.5230E+00 8.0274E-01
9.5230E+00 8.0274E-01
9.5230E+00 8.0274E-01
8.7910E+00 1.9196E-01
8.7910E+00 1.9196E-01
8.7910E+00 1.9196E-01
1.0675E+01 6.5336E-01
1.0675E+01 6.5336E-01
1.0831E+01 6.3131E-01
1.0831E+01 6.3131E-01
1.0831E+01 6.3131E-01
1.0070E+01 7.2391E-01
9.8740E+00 7.9262E-01
9.8740E+00 7.9262E-01
9.8740E+00 7.9262E-01
8.6950E+00 4.9748E-01
9.5990E+00 3.0299E-01
9.5990E+00 3.0299E-01
9.5990E+00 3.0299E-01
8.6730E+00 3.7698E-01
8.6730E+00 3.7698E-01
8.6730E+00 3.7698E-01
9.4040E+00 4.8446E-01
9.4040E+00 4.8446E-01
9.4040E+00 4.8446E-01
8.8920E+00 1.3134E-01
8.8920E+00 1.3134E-01
8.8920E+00 1.3134E-01
1.0010E+01 4.3708E-01
1.0010E+01 4.3708E-01
1.0010E+01 4.3708E-01
9.3820E+00 3.4301E-01
9.3820E+00 3.4301E-01
9.3820E+00 3.4301E-01
8.6040E+00 -3.8188E-02
8.6260E+00 3.9860E-01
8.6260E+00 3.9860E-01
8.6260E+00 3.9860E-01
9.6790E+00 7.1387E-01
9.6790E+00 7.1387E-01
9.6790E+00 7.1387E-01
1.0397E+01 6.3599E-01
1.0397E+01 6.3599E-01
8.6880E+00 1.2833E-02
8.6880E+00 1.2833E-02
8.6880E+00 1.2833E-02
8.9230E+00 4.5202E-01
8.9230E+00 4.5202E-01
9.2110E+00 3.6434E-01
9.2110E+00 3.6434E-01
9.2110E+00 3.6434E-01
1.0829E+01 4.9909E-01
1.0829E+01 4.9909E-01
1.0829E+01 4.9909E-01
9.1350E+00 6.1829E-01
9.1350E+00 6.1829E-01
9.1350E+00 6.1829E-01
1.0062E+01 4.8266E-01
1.0062E+01 4.8266E-01
1.0062E+01 4.8266E-01
8.8990E+00 1.6040E-01
8.8990E+00 1.6040E-01
8.8990E+00 1.6040E-01
1.0197E+01 3.6628E-01
1.0197E+01 3.6628E-01
1.0197E+01 3.6628E-01
1.0575E+01 6.6252E-01
1.0575E+01 6.6252E-01
1.0575E+01 6.6252E-01
9.4900E+00 4.1494E-01
9.4900E+00 4.1494E-01
9.4900E+00 4.1494E-01
9.3010E+00 8.3691E-01
9.3010E+00 8.3691E-01
9.3010E+00 8.3691E-01
9.6840E+00 2.0477E-01
9.6840E+00 2.0477E-01
9.6840E+00 2.0477E-01
8.9320E+00 1.7930E-01
8.9320E+00 1.7930E-01
8.9320E+00 1.7930E-01
1.0981E+01 8.0050E-01
1.0981E+01 8.0050E-01
1.0981E+01 8.0050E-01
1.0465E+01 4.5431E-01
1.0465E+01 4.5431E-01
8.6290E+00 4.0255E-01
8.6290E+00 4.0255E-01
1.0144E+01 8.0270E-01
8.3550E+00 3.9971E-01
8.3550E+00 3.9971E-01
9.5680E+00 6.5975E-01
9.5680E+00 6.5975E-01
9.5680E+00 6.5975E-01
8.4340E+00 9.3899E-02
8.4340E+00 9.3899E-02
8.9490E+00 3.6212E-01
9.0130E+00 5.0334E-01
9.0130E+00 5.0334E-01
9.0130E+00 5.0334E-01
9.1060E+00 3.6863E-01
9.1060E+00 3.6863E-01
1.0385E+01 2.7843E-01
1.0385E+01 2.7843E-01
1.0385E+01 2.7843E-01
1.0029E+01 5.0341E-01
1.0029E+01 5.0341E-01
1.0029E+01 5.0341E-01
9.3830E+00 2.6656E-01
9.3830E+00 2.6656E-01
9.3830E+00 2.6656E-01
9.3510E+00 2.7545E-01
9.3510E+00 2.7545E-01
9.3510E+00 2.7545E-01
9.1690E+00 4.3235E-01
9.1690E+00 4.3235E-01
9.1690E+00 4.3235E-01
9.3240E+00 4.4832E-01
9.3240E+00 4.4832E-01
9.3720E+00 3.3121E-01
9.3720E+00 3.3121E-01
9.3720E+00 3.3121E-01
1.0059E+01 6.8160E-01
1.0059E+01 6.8160E-01
1.0059E+01 6.8160E-01
9.8720E+00 5.1674E-01
9.8720E+00 5.1674E-01
9.8720E+00 5.1674E-01
9.6710E+00 5.5379E-01
9.6710E+00 5.5379E-01
9.6710E+00 5.5379E-01
8.4930E+00 1.6022E-01
9.0380E+00 6.7554E-01
9.0380E+00 6.7554E-01
9.0380E+00 6.7554E-01
9.3330E+00 6.2142E-01
9.6470E+00 5.7227E-01
9.6470E+00 5.7227E-01
9.6470E+00 5.7227E-01
8.9040E+00 4.8985E-01
8.9040E+00 4.8985E-01
8.9040E+00 4.8985E-01
8.8340E+00 2.8705E-01
8.8340E+00 2.8705E-01
8.5950E+00 2.4900E-01
8.5950E+00 2.4900E-01
9.4360E+00 7.0152E-01
9.4360E+00 7.0152E-01
9.4360E+00 7.0152E-01
1.0172E+01 6.9378E-01
1.0172E+01 6.9378E-01
1.0172E+01 6.9378E-01
9.6800E+00 4.0078E-01
9.6800E+00 4.0078E-01
9.6800E+00 4.0078E-01
8.9470E+00 5.0195E-01
8.9470E+00 5.0195E-01
8.9470E+00 5.0195E-01
9.9020E+00 7.4475E-01
9.9020E+00 7.4475E-01
9.9020E+00 7.4475E-01
9.4720E+00 8.0114E-02
9.4720E+00 8.0114E-02
9.4720E+00 8.0114E-02
9.4040E+00 6.1030E-01
9.4040E+00 6.1030E-01
9.4040E+00 6.1030E-01
9.3360E+00 6.4204E-01
8.7940E+00 1.6261E-01
9.8910E+00 5.0873E-01
9.8910E+00 5.0873E-01
9.8910E+00 5.0873E-01
8.8120E+00 3.5756E-01
8.8130E+00 4.2672E-01
8.8130E+00 4.2672E-01
8.8130E+00 4.2672E-01
8.5620E+00 4.5527E-01
8.5620E+00 4.5527E-01
8.5620E+00 4.5527E-01
8.9770E+00 1.4240E-01
8.9770E+00 1.4240E-01
8.7180E+00 2.9222E-01
8.7180E+00 2.9222E-01
8.7180E+00 2.9222E-01
8.9310E+00 3.0703E-01
1.0665E+01 6.5826E-01
1.0665E+01 6.5826E-01
1.0665E+01 6.5826E-01
9.9650E+00 6.2067E-01
9.9650E+00 6.2067E-01
9.9650E+00 6.2067E-01
9.3990E+00 3.4801E-01
9.3990E+00 3.4801E-01
9.3990E+00 3.4801E-01
9.3400E+00 8.2455E-01
9.3400E+00 8.2455E-01
9.3400E+00 8.2455E-01
8.8370E+00 5.7876E-01
8.8370E+00 5.7876E-01
8.8600E+00 1.1538E-01
8.8600E+00 1.1538E-01
8.8600E+00 1.1538E-01
8.0400E+00 9.5435E-02
8.0400E+00 9.5435E-02
8.0400E+00 9.5435E-02
8.9770E+00 5.2915E-01
8.9770E+00 5.2915E-01
8.9770E+00 5.2915E-01
8.6400E+00 -5.1296E-03
8.6400E+00 -5.1296E-03
8.6400E+00 -5.1296E-03
9.0810E+00 6.0490E-01
9.0810E+00 6.0490E-01
9.0810E+00 6.0490E-01
8.8550E+00 5.7562E-01
8.8550E+00 5.7562E-01
8.8550E+00 5.7562E-01
9.4530E+00 5.0934E-01
9.4530E+00 5.0934E-01
9.4530E+00 5.0934E-01
8.5890E+00 -4.1179E-02
9.2620E+00 2.3366E-01
9.2620E+00 2.3366E-01
9.2620E+00 2.3366E-01
9.6200E+00 5.5769E-01
9.6200E+00 5.5769E-01
9.6200E+00 5.5769E-01
9.3150E+00 2.9172E-01
9.1020E+00 2.3079E-01
9.1020E+00 2.3079E-01
9.1020E+00 2.3079E-01
1.0409E+01 4.2133E-01
1.0409E+01 4.2133E-01
1.0409E+01 4.2133E-01
8.8120E+00 1.2308E-01
9.5960E+00 3.4453E-01
9.5960E+00 3.4453E-01
9.5960E+00 3.4453E-01
8.3340E+00 1.1168E+00
8.3340E+00 1.1168E+00
8.3340E+00 1.1168E+00
9.3590E+00 3.3533E-01
9.3590E+00 3.3533E-01
9.3590E+00 3.3533E-01
8.6600E+00 3.1793E-01
9.8120E+00 6.7342E-01
9.8120E+00 6.7342E-01
9.8120E+00 6.7342E-01
9.1910E+00 3.5507E-01
9.1910E+00 3.5507E-01
9.6470E+00 7.8706E-01
9.6470E+00 7.8706E-01
9.6470E+00 7.8706E-01
9.1570E+00 2.6437E-01
9.1570E+00 2.6437E-01
1.0842E+01 7.7927E-01
9.3840E+00 5.4726E-01
9.3840E+00 5.4726E-01
9.3840E+00 5.4726E-01
9.3260E+00 2.8962E-01
9.3260E+00 2.8962E-01
9.3260E+00 2.8962E-01
1.0253E+01 9.0515E-01
1.0253E+01 9.0515E-01
9.4710E+00 8.0538E-01
8.8230E+00 3.4561E-01
9.2190E+00 4.4263E-01
9.3880E+00 2.1633E-01
9.3880E+00 2.1633E-01
9.3880E+00 2.1633E-01
9.4520E+00 4.1455E-01
9.4520E+00 4.1455E-01
9.4520E+00 4.1455E-01
8.8150E+00 5.1996E-01
8.8150E+00 5.1996E-01
8.8150E+00 5.1996E-01
8.6820E+00 2.6937E-01
8.6820E+00 2.6937E-01
8.6820E+00 2.6937E-01
8.6850E+00 -INF
8.8190E+00 5.2582E-02
9.9480E+00 3.6866E-01
9.9480E+00 3.6866E-01
9.9480E+00 3.6866E-01
9.1140E+00 5.4498E-01
9.1140E+00 5.4498E-01
9.1140E+00 5.4498E-01
9.4350E+00 3.7074E-01
9.4350E+00 3.7074E-01
9.4350E+00 3.7074E-01
8.5670E+00 5.2847E-01
8.5670E+00 5.2847E-01
8.5670E+00 5.2847E-01
9.0400E+00 1.0914E-01
8.7890E+00 -INF
9.8150E+00 5.0216E-01
9.8150E+00 5.0216E-01
9.8150E+00 5.0216E-01
9.1230E+00 1.9525E-01
8.9890E+00 2.3127E-01
9.1480E+00 2.4316E-01
9.1480E+00 2.4316E-01
9.1480E+00 2.4316E-01
9.0630E+00 2.6276E-01
9.0630E+00 2.6276E-01
8.6730E+00 1.0212E-01
8.6730E+00 1.0212E-01
8.6730E+00 1.0212E-01
8.8840E+00 3.6604E-01
8.8840E+00 3.6604E-01
8.8840E+00 3.6604E-01
9.1680E+00 5.9742E-01
9.1680E+00 5.9742E-01
9.1680E+00 5.9742E-01
8.8710E+00 2.8040E-01
8.8710E+00 2.8040E-01
8.8710E+00 2.8040E-01
9.8470E+00 3.4032E-01
9.8470E+00 3.4032E-01
9.8470E+00 3.4032E-01
9.1680E+00 6.2907E-01
9.1680E+00 6.2907E-01
9.1680E+00 6.2907E-01
8.3360E+00 7.3394E-02
8.3360E+00 7.3394E-02
8.3360E+00 7.3394E-02
1.0298E+01 7.2216E-01
1.0298E+01 7.2216E-01
9.5530E+00 3.6930E-01
9.5530E+00 3.6930E-01
9.6710E+00 8.8358E-01
9.6710E+00 8.8358E-01
9.6710E+00 8.8358E-01
8.4620E+00 1.7799E-01
8.4620E+00 1.7799E-01
8.4620E+00 1.7799E-01
9.2520E+00 3.2194E-01
9.2520E+00 3.2194E-01
9.2520E+00 3.2194E-01
8.4680E+00 5.2105E-01
9.1960E+00 2.0924E-01
9.1960E+00 2.0924E-01
9.1960E+00 2.0924E-01
9.9020E+00 5.3334E-01
9.9020E+00 5.3334E-01
1.0226E+01 4.4602E-01
9.0050E+00 5.1342E-01
8.8880E+00 2.1931E-01
8.8880E+00 2.1931E-01
1.0519E+01 6.1248E-01
1.0519E+01 6.1248E-01
1.0519E+01 6.1248E-01
9.2600E+00 5.1663E-03
9.0950E+00 1.1975E-01
9.0950E+00 1.1975E-01
9.7790E+00 7.4954E-01
9.7790E+00 7.4954E-01
8.3570E+00 -4.9443E-02
8.3570E+00 -4.9443E-02
8.3570E+00 -4.9443E-02
8.9830E+00 2.4854E-01
8.9830E+00 2.4854E-01
8.6910E+00 2.9878E-01
8.6910E+00 2.9878E-01
8.6910E+00 2.9878E-01
9.0370E+00 4.8403E-01
9.0370E+00 4.8403E-01
9.0370E+00 4.8403E-01
8.8100E+00 4.0380E-01
9.2920E+00 5.8909E-01
9.2920E+00 5.8909E-01
9.2920E+00 5.8909E-01
9.2710E+00 5.4427E-01
9.2710E+00 5.4427E-01
9.2710E+00 5.4427E-01
9.8330E+00 3.8888E-01
9.8330E+00 3.8888E-01
9.8330E+00 3.8888E-01
8.9980E+00 6.0705E-02
8.7670E+00 4.9995E-01
8.7670E+00 4.9995E-01
8.7670E+00 4.9995E-01
9.5200E+00 7.3511E-01
1.0129E+01 3.1370E-01
1.0129E+01 3.1370E-01
1.0129E+01 3.1370E-01
9.8190E+00 5.6139E-01
9.8190E+00 5.6139E-01
9.8190E+00 5.6139E-01
9.6540E+00 6.0811E-02
9.6540E+00 6.0811E-02
9.6540E+00 6.0811E-02
9.3940E+00 3.6402E-01
9.3940E+00 3.6402E-01
9.3940E+00 3.6402E-01
8.6590E+00 6.9679E-02
8.6590E+00 6.9679E-02
9.2680E+00 4.4915E-01
9.2680E+00 4.4915E-01
9.2680E+00 4.4915E-01
9.3220E+00 8.0835E-01
9.3220E+00 8.0835E-01
9.3220E+00 8.0835E-01
9.1150E+00 1.2116E-01
9.1150E+00 1.2116E-01
9.3760E+00 4.5797E-01
9.3760E+00 4.5797E-01
9.3760E+00 4.5797E-01
1.0047E+01 4.8849E-01
1.0047E+01 4.8849E-01
1.0047E+01 4.8849E-01
8.8950E+00 6.9565E-01
9.8130E+00 4.1966E-01
9.8130E+00 4.1966E-01
9.8130E+00 4.1966E-01
8.9030E+00 9.5687E-02
8.9030E+00 9.5687E-02
9.5400E+00 4.3033E-01
9.5400E+00 4.3033E-01
9.5400E+00 4.3033E-01
8.4440E+00 2.8174E-01
8.4440E+00 2.8174E-01
8.4440E+00 2.8174E-01
1.0663E+01 4.7085E-01
1.0663E+01 4.7085E-01
1.0143E+01 7.2103E-01
1.0143E+01 7.2103E-01
8.8400E+00 2.3526E-01
8.8400E+00 2.3526E-01
8.8400E+00 2.3526E-01
8.8160E+00 2.4827E-01
8.8160E+00 2.4827E-01
8.8160E+00 2.4827E-01
9.4290E+00 4.8619E-01
9.4290E+00 4.8619E-01
1.0926E+01 5.1138E-01
1.0926E+01 5.1138E-01
8.6460E+00 2.6096E-01
9.1120E+00 2.5815E-01
9.1120E+00 2.5815E-01
8.9380E+00 3.7870E-01
8.9380E+00 3.7870E-01
8.9380E+00 3.7870E-01
1.0245E+01 4.0508E-01
1.0245E+01 4.0508E-01
1.0245E+01 4.0508E-01
8.9550E+00 1.2667E-01
8.9550E+00 1.2667E-01
9.5340E+00 2.2160E-01
9.5340E+00 2.2160E-01
8.9170E+00 3.1416E-01
8.9130E+00 1.9266E-01
9.1420E+00 5.3080E-01
9.1420E+00 5.3080E-01
1.0530E+01 9.4545E-01
1.0530E+01 9.4545E-01
8.4950E+00 2.6508E-01
9.1970E+00 3.7520E-01
9.1620E+00 5.1513E-01
1.0967E+01 7.0520E-01
1.0967E+01 7.0520E-01
1.0967E+01 7.0520E-01
9.0490E+00 -1.8916E-03
9.0490E+00 -1.8916E-03
1.1096E+01 4.3203E-01
9.9950E+00 7.3760E-01
9.9950E+00 7.3760E-01
9.9950E+00 7.3760E-01
8.4290E+00 1.7385E-01
8.4290E+00 1.7385E-01
8.5100E+00 4.4569E-01
8.5100E+00 4.4569E-01
8.9800E+00 2.5976E-01
9.0360E+00 6.6902E-01
9.0360E+00 6.6902E-01
9.0360E+00 6.6902E-01
9.4570E+00 7.9600E-01
9.4570E+00 7.9600E-01
9.0800E+00 5.3768E-01
9.0800E+00 5.3768E-01
9.0800E+00 5.3768E-01
9.6920E+00 4.6174E-01
9.6920E+00 4.6174E-01
9.8200E+00 4.9968E-01
9.8200E+00 4.9968E-01
9.8200E+00 4.9968E-01
8.7130E+00 1.8996E-01
8.7130E+00 1.8996E-01
8.9190E+00 2.1570E-01
8.9190E+00 2.1570E-01
8.9190E+00 2.1570E-01
9.1680E+00 1.4491E-01
9.1680E+00 1.4491E-01
9.1680E+00 1.4491E-01
9.5160E+00 5.2727E-01
9.5160E+00 5.2727E-01
9.5160E+00 5.2727E-01
9.7800E+00 6.0530E-01
9.7800E+00 6.0530E-01
8.4720E+00 3.7332E-01
8.4720E+00 3.7332E-01
8.9760E+00 6.3643E-01
8.9760E+00 6.3643E-01
9.6460E+00 5.2575E-01
9.6460E+00 5.2575E-01
9.6460E+00 5.2575E-01
9.4020E+00 3.3586E-01
9.4020E+00 3.3586E-01
9.6330E+00 1.8766E-01
9.6330E+00 1.8766E-01
9.6330E+00 1.8766E-01
8.5390E+00 1.6114E-01
8.5390E+00 1.6114E-01
9.4510E+00 3.2496E-01
9.4510E+00 3.2496E-01
1.0293E+01 9.7973E-01
1.0306E+01 3.3762E-01
8.5410E+00 1.3933E-01
1.0132E+01 5.3369E-01
1.0132E+01 5.3369E-01
1.0132E+01 5.3369E-01
9.1700E+00 2.0951E-01
9.1700E+00 2.0951E-01
9.1700E+00 2.0951E-01
9.6940E+00 6.6631E-01
9.6940E+00 6.6631E-01
8.9960E+00 4.8134E-01
8.9960E+00 4.8134E-01
8.9960E+00 4.8134E-01
1.0613E+01 5.2209E-01
1.0613E+01 5.2209E-01
1.0613E+01 5.2209E-01
8.7800E+00 2.4581E-01
8.6000E+00 3.1158E-01
9.9610E+00 6.4252E-01
9.9610E+00 6.4252E-01
9.9610E+00 6.4252E-01
9.7140E+00 4.3204E-01
9.7140E+00 4.3204E-01
9.7140E+00 4.3204E-01
9.9890E+00 5.0970E-01
9.9670E+00 4.3380E-01
1.0582E+01 4.6430E-01
8.5940E+00 4.9028E-01
8.5940E+00 4.9028E-01
8.8050E+00 6.1308E-01
8.8050E+00 6.1308E-01
8.8050E+00 6.1308E-01
8.8050E+00 6.1308E-01
9.9400E+00 1.1730E-01
9.9400E+00 1.1730E-01
9.1270E+00 2.4395E-01
1.0387E+01 5.3720E-01
1.0387E+01 5.3720E-01
8.8040E+00 4.2549E-01
8.8040E+00 4.2549E-01
1.0108E+01 2.9043E-01
1.0108E+01 2.9043E-01
9.1050E+00 1.6550E-01
9.1050E+00 1.6550E-01
9.4070E+00 4.1857E-01
9.4070E+00 4.1857E-01
9.4070E+00 4.1857E-01
8.7720E+00 2.8757E-01
8.9590E+00 5.1468E-01
8.9590E+00 5.1468E-01
8.9590E+00 5.1468E-01
9.4710E+00 3.6409E-01
1.0939E+01 7.0971E-01
1.0939E+01 7.0971E-01
1.0939E+01 7.0971E-01
8.8100E+00 2.0370E-01
8.8030E+00 4.1657E-01
8.8030E+00 4.1657E-01
8.8030E+00 4.1657E-01
1.0669E+01 4.3748E-01
1.0669E+01 4.3748E-01
9.6320E+00 5.8371E-01
9.6320E+00 5.8371E-01
9.1870E+00 2.9925E-01
9.1870E+00 2.9925E-01
8.9830E+00 5.6538E-01
8.5410E+00 2.9463E-01
8.5410E+00 2.9463E-01
9.2460E+00 4.9296E-01
9.2460E+00 4.9296E-01
9.9120E+00 2.6109E-01
9.9120E+00 2.6109E-01
9.9120E+00 2.6109E-01
8.9060E+00 9.2222E-01
1.0482E+01 2.1496E-01
1.0482E+01 2.1496E-01
9.4600E+00 4.2485E-01
9.4600E+00 4.2485E-01
9.4600E+00 4.2485E-01
8.8210E+00 1.3010E-01
1.0612E+01 7.5999E-01
1.0612E+01 7.5999E-01
1.0612E+01 7.5999E-01
9.3590E+00 3.0462E-01
9.3590E+00 3.0462E-01
9.3590E+00 3.0462E-01
8.5950E+00 2.9034E-01
8.7940E+00 2.9173E-01
8.7940E+00 2.9173E-01
8.7940E+00 2.9173E-01
8.4090E+00 5.3244E-01
8.4090E+00 5.3244E-01
8.4090E+00 5.3244E-01
8.4090E+00 5.3244E-01
8.4090E+00 5.3244E-01
1.1183E+01 9.4147E-01
1.1183E+01 9.4147E-01
8.9480E+00 3.4118E-01
8.9480E+00 3.4118E-01
8.9480E+00 3.4118E-01
1.0179E+01 4.6951E-01
9.2960E+00 2.9803E-01
9.0050E+00 5.7439E-01
9.1830E+00 5.5198E-01
9.1830E+00 5.5198E-01
9.1840E+00 3.9114E-01
9.1840E+00 3.9114E-01
9.7790E+00 2.3413E-01
1.0907E+01 7.1968E-01
1.0907E+01 7.1968E-01
9.7330E+00 6.7343E-01
9.9630E+00 6.3384E-01
9.9630E+00 6.3384E-01
8.9950E+00 4.3903E-01
8.9950E+00 4.3903E-01
1.0533E+01 5.6029E-01
1.0533E+01 5.6029E-01
9.7230E+00 4.1588E-01
9.7230E+00 4.1588E-01
9.7230E+00 4.1588E-01
9.7230E+00 4.1588E-01
8.9300E+00 4.9432E-01
8.9300E+00 4.9432E-01
1.0373E+01 4.3564E-01
1.0373E+01 4.3564E-01
9.8980E+00 2.5220E-01
9.8980E+00 2.5220E-01
9.8980E+00 2.5220E-01
9.8980E+00 2.5220E-01
8.5020E+00 4.1986E-01
8.5020E+00 4.1986E-01
9.1290E+00 5.7618E-01
1.0482E+01 4.1730E-01
1.0482E+01 4.1730E-01
1.0203E+01 6.1374E-01
1.0203E+01 6.1374E-01
8.5860E+00 1.7761E-01
8.5860E+00 1.7761E-01
8.5860E+00 1.7761E-01
8.5860E+00 1.7761E-01
8.8780E+00 5.1605E-01
1.0586E+01 6.8864E-01
1.0586E+01 6.8864E-01
1.0814E+01 6.7603E-01
1.0239E+01 6.2551E-01
1.0239E+01 6.2551E-01
1.0239E+01 6.2551E-01
8.7540E+00 1.3138E-01
9.7910E+00 6.5407E-01
9.7910E+00 6.5407E-01
9.2010E+00 3.7232E-01
9.2010E+00 3.7232E-01
1.0088E+01 5.3403E-01
1.0088E+01 5.3403E-01
9.7610E+00 4.8614E-01
9.7610E+00 4.8614E-01
9.4050E+00 2.3358E-01
9.3840E+00 3.4818E-01
9.3840E+00 3.4818E-01
9.2010E+00 5.6295E-01
8.8800E+00 3.3664E-01
9.6200E+00 4.4908E-01
9.6200E+00 4.4908E-01
8.7470E+00 4.2357E-01
8.7470E+00 4.2357E-01
9.2910E+00 3.2641E-01
9.2910E+00 3.2641E-01
1.0601E+01 6.5318E-01
1.0601E+01 6.5318E-01
9.6110E+00 6.5320E-01
9.3940E+00 3.6124E-01
9.3940E+00 3.6124E-01
1.1089E+01 1.0158E+00
1.1089E+01 1.0158E+00
9.2260E+00 2.2988E-02
9.3610E+00 3.8883E-01
9.3610E+00 3.8883E-01
9.4520E+00 3.9452E-01
9.4520E+00 3.9452E-01
9.1450E+00 6.8640E-01
9.1450E+00 6.8640E-01
9.3410E+00 5.0974E-01
9.3410E+00 5.0974E-01
9.3410E+00 5.0974E-01
8.5270E+00 5.6303E-01
8.5270E+00 5.6303E-01
1.0429E+01 1.3399E-01
9.5980E+00 3.7003E-01
9.5980E+00 3.7003E-01
9.3860E+00 7.0101E-01
9.3860E+00 7.0101E-01
8.9440E+00 6.5766E-01
8.9440E+00 6.5766E-01
9.0320E+00 1.6814E-01
9.1880E+00 3.5860E-01
9.1880E+00 3.5860E-01
8.6110E+00 3.6276E-01
8.4900E+00 5.6112E-01
8.4900E+00 5.6112E-01
9.7980E+00 2.9440E-01
1.0512E+01 4.7659E-01
1.0512E+01 4.7659E-01
9.8190E+00 4.3053E-01
9.8190E+00 4.3053E-01
9.8190E+00 4.3053E-01
9.8190E+00 4.3053E-01
8.5560E+00 1.1319E-01
8.5560E+00 1.1319E-01
9.5140E+00 7.5381E-01
9.5140E+00 7.5381E-01
1.0363E+01 5.1193E-01
1.0363E+01 5.1193E-01
9.4750E+00 5.0517E-01
9.4750E+00 5.0517E-01
9.1070E+00 4.8715E-01
9.1070E+00 4.8715E-01
9.1070E+00 4.8715E-01
9.1070E+00 4.8715E-01
1.0906E+01 4.2588E-01
1.0906E+01 4.2588E-01
1.0704E+01 4.7621E-01
9.8680E+00 5.0313E-01
9.8680E+00 5.0313E-01
9.8020E+00 7.6278E-01
9.8020E+00 7.6278E-01
8.7660E+00 2.2756E-01
8.7660E+00 2.2756E-01
9.1990E+00 3.8604E-01
9.1990E+00 3.8604E-01
9.5710E+00 5.7526E-01
9.5710E+00 5.7526E-01
8.9640E+00 7.9630E-01
8.9640E+00 7.9630E-01
9.6550E+00 5.6842E-01
9.6550E+00 5.6842E-01
9.1510E+00 4.2972E-01
8.6130E+00 3.0399E-01
8.6130E+00 3.0399E-01
1.0240E+01 5.9838E-01
1.0240E+01 5.9838E-01
8.7190E+00 4.5006E-01
8.8260E+00 6.9815E-01
8.8260E+00 6.9815E-01
9.6150E+00 6.0453E-01
9.6150E+00 6.0453E-01
9.1420E+00 7.6335E-01
9.1420E+00 7.6335E-01
9.1340E+00 1.6652E-01
9.1340E+00 1.6652E-01
1.0654E+01 7.9697E-01
1.0654E+01 7.9697E-01
8.3970E+00 2.7943E-01
9.6550E+00 5.0869E-01
9.6550E+00 5.0869E-01
1.0468E+01 5.0663E-01
1.0468E+01 5.0663E-01
9.4090E+00 4.8682E-01
9.4090E+00 4.8682E-01
9.2060E+00 4.6823E-01
9.2060E+00 4.6823E-01
9.4500E+00 1.3780E-01
9.4500E+00 1.3780E-01
8.6020E+00 4.9909E-01
8.6020E+00 4.9909E-01
8.6330E+00 1.3322E-02
9.0780E+00 3.9300E-01
9.0780E+00 3.9300E-01
8.7470E+00 1.3959E-01
1.0552E+01 8.2103E-01
1.0552E+01 8.2103E-01
9.8460E+00 6.6594E-01
9.8460E+00 6.6594E-01
1.1090E+01 5.7751E-01
1.1090E+01 5.7751E-01
8.5440E+00 1.8339E-01
8.5440E+00 1.8339E-01
9.2620E+00 3.0225E-01
9.2620E+00 3.0225E-01
8.9780E+00 5.8698E-01
1.0955E+01 7.6464E-01
1.0955E+01 7.6464E-01
9.2450E+00 7.1156E-01
9.2450E+00 7.1156E-01
1.0390E+01 8.0213E-01
1.0390E+01 8.0213E-01
8.9690E+00 7.5092E-01
8.9690E+00 7.5092E-01
9.8810E+00 7.5267E-01
9.8810E+00 7.5267E-01
8.9930E+00 5.3673E-01
8.9930E+00 5.3673E-01
8.9130E+00 2.7999E-01
9.5370E+00 4.7076E-01
9.5370E+00 4.7076E-01
8.9930E+00 1.4080E-01
8.9930E+00 1.4080E-01
9.3340E+00 3.1394E-01
1.1139E+01 7.0314E-01
1.1139E+01 7.0314E-01
9.2270E+00 3.7678E-01
9.5160E+00 2.3497E-01
9.5160E+00 2.3497E-01
9.2910E+00 2.8254E-01
9.4550E+00 3.9857E-01
9.4550E+00 3.9857E-01
1.0019E+01 4.0996E-01
1.0019E+01 4.0996E-01
9.6330E+00 6.1041E-01
9.6330E+00 6.1041E-01
9.4920E+00 5.5279E-01
8.9550E+00 2.9598E-01
8.9550E+00 2.9598E-01
1.1154E+01 5.4730E-01
1.1154E+01 5.4730E-01
8.8140E+00 3.8822E-01
8.8140E+00 3.8822E-01
1.0017E+01 4.3059E-01
9.5000E+00 3.9349E-01
9.5000E+00 3.9349E-01
9.7390E+00 8.4862E-02
9.7390E+00 8.4862E-02
1.0141E+01 6.2698E-01
1.0141E+01 6.2698E-01
9.6790E+00 3.5647E-01
9.6790E+00 3.5647E-01
9.1220E+00 4.2697E-01
9.1220E+00 4.2697E-01
1.0192E+01 5.4746E-01
1.0192E+01 5.4746E-01
1.0019E+01 4.5624E-01
1.0019E+01 4.5624E-01
1.1072E+01 6.1692E-01
1.0553E+01 6.9492E-01
1.0553E+01 6.9492E-01
9.0960E+00 1.6913E-01
9.0960E+00 1.6913E-01
1.0116E+01 4.8051E-01
1.0116E+01 4.8051E-01
9.1230E+00 5.5327E-01
9.7390E+00 4.9294E-01
9.7390E+00 4.9294E-01
8.9770E+00 2.3230E-01
9.3120E+00 3.8182E-01
9.3120E+00 3.8182E-01
9.0590E+00 4.3130E-01
9.0590E+00 4.3130E-01
9.7120E+00 1.7573E-01
9.7120E+00 1.7573E-01
8.8090E+00 2.3212E-01
9.6780E+00 3.8384E-01
9.6780E+00 3.8384E-01
1.0291E+01 5.7951E-01
1.0291E+01 5.7951E-01
9.2020E+00 2.2574E-01
9.2020E+00 2.2574E-01
9.8510E+00 3.4371E-01
9.8510E+00 3.4371E-01
8.6220E+00 1.7621E-01
8.6220E+00 1.7621E-01
1.0310E+01 4.3738E-01
1.0310E+01 4.3738E-01
8.5230E+00 3.3413E-01
8.5230E+00 3.3413E-01
9.9060E+00 6.4986E-01
9.9060E+00 6.4986E-01
8.5440E+00 4.5531E-01
8.5440E+00 4.5531E-01
1.1235E+01 4.0143E-01
9.0280E+00 2.0947E-01
9.0280E+00 2.0947E-01
9.3800E+00 4.9621E-01
9.3800E+00 4.9621E-01
9.9110E+00 5.9519E-01
9.9110E+00 5.9519E-01
9.0640E+00 4.2566E-01
9.0640E+00 4.2566E-01
9.0360E+00 7.5129E-02
9.0360E+00 7.5129E-02
9.2050E+00 5.4720E-01
9.2050E+00 5.4720E-01
9.2880E+00 3.5056E-01
9.2880E+00 3.5056E-01
1.0414E+01 6.5731E-01
9.8460E+00 6.4417E-01
9.8460E+00 6.4417E-01
9.1070E+00 3.3189E-01
9.1070E+00 3.3189E-01
9.3170E+00 5.5050E-01
9.1240E+00 3.3612E-01
9.1240E+00 3.3612E-01
9.5960E+00 1.6863E-01
8.6730E+00 2.7035E-01
8.6730E+00 2.7035E-01
9.5220E+00 4.1707E-01
9.5220E+00 4.1707E-01
9.8580E+00 5.1092E-01
9.8580E+00 5.1092E-01
9.2710E+00 2.3359E-01
9.2710E+00 2.3359E-01
8.7010E+00 1.4643E-01
8.8430E+00 3.2389E-01
1.0085E+01 9.5638E-01
1.0085E+01 9.5638E-01
9.5530E+00 4.7251E-01
9.5530E+00 4.7251E-01
7.9560E+00 5.5558E-01
9.8720E+00 4.9167E-01
9.8000E+00 4.5070E-01
9.1630E+00 1.4222E-01
9.2610E+00 4.1421E-01
9.1320E+00 1.4087E-01
8.7510E+00 1.7652E-01
9.2720E+00 1.1352E-01
1.1089E+01 6.9592E-01
9.9050E+00 2.2908E-01
9.4580E+00 6.2263E-01
9.4120E+00 2.8180E-01
8.9770E+00 1.3913E-01
9.0310E+00 5.1006E-01
1.0626E+01 8.2294E-01
8.6730E+00 3.3331E-01
1.0797E+01 -INF
8.3880E+00 1.0576E-02
9.2090E+00 2.0660E-01
9.2360E+00 5.8123E-01
9.0490E+00 1.1473E-01
8.6280E+00 2.0085E-01
8.8990E+00 7.7780E-02
1.0248E+01 7.0774E-01
9.1680E+00 5.3593E-01
1.0204E+01 6.8728E-01
9.9480E+00 6.0173E-01
8.8900E+00 3.2823E-01
8.8960E+00 1.8055E-01
9.8650E+00 3.5572E-01
1.0142E+01 6.1257E-01
9.1930E+00 2.5311E-01
1.0449E+01 8.1929E-01
8.6310E+00 1.3827E-01
9.4490E+00 4.8683E-01
9.7320E+00 5.9420E-01
9.5280E+00 5.8496E-01
1.0610E+01 6.4683E-01
9.6510E+00 -INF
9.7130E+00 4.2811E-01
1.0293E+01 4.6125E-01
8.7860E+00 4.1222E-01
1.0234E+01 7.1277E-01
8.7530E+00 1.0989E-01
1.0996E+01 6.7285E-01
8.6530E+00 2.3917E-01
9.2800E+00 5.5976E-01
8.6750E+00 2.0853E-01
1.1166E+01 8.5849E-01
8.8810E+00 8.6548E-02
9.8460E+00 4.1166E-01
9.6380E+00 3.3676E-01
1.0927E+01 9.3727E-01
9.8420E+00 7.0581E-01
1.0108E+01 5.0056E-01
8.8410E+00 5.0457E-01
1.0209E+01 6.6662E-01
1.0349E+01 3.5810E-01
9.5900E+00 4.2355E-01
8.9430E+00 3.8184E-01
9.2200E+00 1.3779E-01
9.5940E+00 4.6826E-01
8.7680E+00 1.2650E-01
8.5960E+00 2.5335E-01
8.4420E+00 4.7814E-01
9.4620E+00 5.2683E-01
8.8600E+00 1.8498E-01
1.0444E+01 9.2187E-02
1.0052E+01 5.7786E-01
9.3840E+00 2.9846E-01
1.1082E+01 4.8370E-01
9.1600E+00 9.3586E-03
9.6060E+00 4.8619E-01
1.0740E+01 8.3490E-01
9.0440E+00 3.9078E-01
1.0572E+01 6.8167E-01
8.7230E+00 5.1316E-01
9.4850E+00 5.2643E-01
9.8490E+00 4.8691E-01
1.0218E+01 4.9076E-01
9.2700E+00 3.7210E-01
9.5480E+00 7.4950E-01
9.6930E+00 5.4472E-01
9.0450E+00 1.0822E-01
9.5190E+00 7.5034E-01
9.3190E+00 3.8700E-01
9.7270E+00 6.6175E-01
9.4590E+00 3.8629E-01
9.8840E+00 7.1731E-01
9.8320E+00 1.8339E-01
9.0270E+00 1.9122E-01
8.8390E+00 4.2565E-01
9.2330E+00 2.7515E-01
9.8250E+00 1.7098E-01
8.8510E+00 1.6212E-01
9.9140E+00 5.5817E-01
1.0434E+01 3.6398E-01
9.2350E+00 4.9247E-01
1.0375E+01 6.1239E-01
1.0466E+01 8.4322E-01
9.6890E+00 3.6619E-01
8.9310E+00 4.4941E-01
8.7950E+00 2.5285E-01
9.3750E+00 3.6697E-01
1.0045E+01 7.1903E-01
1.0527E+01 4.2949E-01
1.1256E+01 1.1073E+00
9.8110E+00 5.1455E-01
1.0817E+01 6.5671E-01
9.4410E+00 4.3325E-01
8.6610E+00 3.1577E-01
1.0207E+01 4.7933E-01
1.0719E+01 4.9532E-01
1.0179E+01 1.9961E-01
9.5580E+00 4.2480E-01
9.3730E+00 2.6911E-01
9.0900E+00 1.9150E-01
9.4420E+00 7.9688E-01
9.1120E+00 2.6336E-01
8.8180E+00 2.3186E-01
9.5330E+00 2.9321E-01
9.2670E+00 3.3294E-01
9.4780E+00 3.4420E-01
1.0065E+01 5.0628E-01
1.0910E+01 5.9051E-01
9.0420E+00 3.6744E-01
1.0015E+01 3.5353E-01
1.0641E+01 2.4293E-01
8.8000E+00 3.6676E-01
8.9460E+00 1.9553E-01
9.8820E+00 4.1456E-01
9.8150E+00 3.3056E-01
9.7080E+00 3.2796E-01
1.0655E+01 7.6041E-01
8.5650E+00 6.7374E-01
9.3130E+00 2.5316E-01
1.0040E+01 5.8904E-01
9.2270E+00 3.3705E-01
9.3410E+00 5.6950E-01
8.5200E+00 1.5200E-01
9.6900E+00 4.0359E-01
9.8540E+00 4.7064E-01
1.0053E+01 6.1543E-01
8.8210E+00 4.2250E-02
9.3090E+00 3.3804E-01
1.0232E+01 4.9812E-01
9.0840E+00 1.8666E-01
9.8150E+00 2.4682E-01
1.0537E+01 7.1904E-01
9.8600E+00 5.5131E-01
9.1370E+00 3.3426E-01
9.9290E+00 6.3926E-01
8.4130E+00 4.1590E-01
9.9260E+00 6.9369E-01
9.0830E+00 4.4940E-01
1.0295E+01 5.8621E-01
9.7380E+00 3.8474E-01
9.2990E+00 6.7405E-01
9.1430E+00 5.3538E-01
1.0197E+01 8.3027E-01
9.2570E+00 3.2827E-01
9.1140E+00 5.9814E-01
1.0438E+01 8.7712E-01
9.8500E+00 4.3082E-01
9.1530E+00 5.2934E-01
9.5840E+00 4.5791E-01
9.6180E+00 6.1606E-01
1.0291E+01 5.9475E-01
1.0545E+01 8.3736E-01
9.3150E+00 3.1716E-01
9.0120E+00 2.4411E-01
8.7660E+00 2.1270E-01
9.7570E+00 3.4154E-01
8.8530E+00 7.2441E-01
9.2140E+00 3.5318E-01
9.4770E+00 2.6762E-01
9.8070E+00 6.1000E-01
8.6240E+00 3.4372E-01
8.8170E+00 1.0422E-01
1.0770E+01 6.4996E-01
9.0400E+00 3.3813E-01
1.0982E+01 8.9632E-01
9.7020E+00 9.4048E-01
1.0799E+01 5.6580E-01
9.1950E+00 3.5972E-01
9.7690E+00 2.4647E-01
9.5710E+00 2.8281E-01
9.5130E+00 4.7881E-01
9.0970E+00 2.2295E-01
1.0672E+01 4.7113E-01
9.5160E+00 4.2014E-01
9.6190E+00 3.7384E-01
9.9410E+00 5.0287E-01
9.1400E+00 2.5139E-01
1.0949E+01 6.0897E-01
9.6870E+00 4.4370E-01
9.5590E+00 5.3552E-01
1.0532E+01 7.7557E-01
9.9020E+00 5.1309E-01
9.2950E+00 3.5804E-01
9.5370E+00 3.9942E-01
1.0336E+01 6.4854E-01
8.9910E+00 2.3301E-01
1.0444E+01 3.4230E-01
9.5600E+00 6.5390E-01
8.7040E+00 4.5577E-01
9.9550E+00 2.5651E-01
1.0619E+01 5.0014E-01
1.0010E+01 7.0696E-01
8.7230E+00 2.9456E-01
9.1550E+00 3.3222E-01
9.9620E+00 4.4617E-01
9.9130E+00 7.8074E-01
9.9450E+00 5.5264E-01
9.5500E+00 2.8289E-01
9.5850E+00 2.5052E-01
9.5190E+00 8.1277E-02
9.2270E+00 2.0312E-01
8.4740E+00 3.7002E-01
9.6420E+00 3.7861E-01
9.9110E+00 8.0149E-01
1.0283E+01 5.7881E-01
1.0342E+01 9.5630E-01
9.4020E+00 8.4194E-01
8.9340E+00 5.9436E-01
8.7490E+00 4.5983E-01
1.0510E+01 6.5044E-01
1.0697E+01 6.6824E-01
1.0118E+01 6.6851E-01
9.4500E+00 3.2220E-01
9.1040E+00 6.6275E-01
8.5410E+00 2.4632E-01
8.7970E+00 2.7672E-01
9.8160E+00 2.7034E-01
9.3720E+00 3.2160E-01
9.9530E+00 4.9528E-01
9.4860E+00 2.1736E-01
1.0395E+01 5.4724E-01
9.4280E+00 5.9053E-01
9.0070E+00 5.2095E-01
1.1324E+01 8.6198E-01
1.0332E+01 6.0848E-01
9.6120E+00 1.4915E-01
9.7260E+00 7.5607E-01
9.6900E+00 4.5430E-01
9.5270E+00 4.8182E-01
8.6190E+00 1.2067E-01
1.0957E+01 6.5606E-01
9.1210E+00 3.0162E-01
9.3750E+00 2.8650E-01
8.0400E+00 4.2894E-01
8.6650E+00 5.7371E-01
9.0270E+00 2.8171E-01
9.9880E+00 4.6370E-01
9.5530E+00 3.7974E-01
9.3470E+00 4.0473E-01
1.0152E+01 7.2109E-01
1.0782E+01 3.6965E-01
1.0749E+01 7.0469E-01
9.6070E+00 7.1918E-01
9.3330E+00 3.4265E-01
9.9320E+00 7.9018E-01
1.0433E+01 6.2047E-01
1.0905E+01 6.1102E-01
9.3020E+00 6.6911E-01
9.4100E+00 5.6627E-01
8.9480E+00 3.1253E-01
1.0939E+01 6.6498E-01
8.5230E+00 2.7273E-02
9.1520E+00 2.0415E-01
1.0340E+01 2.6236E-01
9.1930E+00 7.1899E-01
1.0008E+01 4.3426E-01
8.8860E+00 5.6455E-01
9.7630E+00 4.3604E-02
9.5730E+00 3.5981E-01
8.4910E+00 6.0133E-01
9.0820E+00 2.9731E-01
9.5380E+00 5.5634E-01
9.5140E+00 3.0704E-01
9.8240E+00 5.0732E-01
8.9020E+00 5.1228E-01
8.6620E+00 1.0035E-01
1.0517E+01 4.4533E-01
1.0404E+01 4.8716E-01
1.0171E+01 3.9884E-01
8.8410E+00 2.6316E-01
1.0540E+01 7.4261E-01
1.0723E+01 4.7582E-01
8.9510E+00 3.3685E-01
9.7880E+00 4.0825E-01
9.3000E+00 8.3629E-02
9.0630E+00 6.7800E-01
8.8280E+00 3.8859E-01
9.7420E+00 4.4098E-01
9.4090E+00 9.3785E-02
9.3170E+00 6.4038E-01
9.6520E+00 8.0761E-01
9.7990E+00 6.5990E-01
9.9880E+00 4.6429E-01
8.9560E+00 4.4149E-01
9.4080E+00 2.5778E-01
1.0518E+01 9.2775E-01
9.9270E+00 5.9363E-01
1.0075E+01 6.7984E-01
8.7860E+00 3.3904E-01
1.0723E+01 5.1456E-01
9.3170E+00 6.0999E-01
9.2530E+00 6.8776E-01
9.3000E+00 1.0805E-01
8.9160E+00 2.5900E-01
9.0790E+00 6.4815E-01
9.3830E+00 4.7301E-01
1.0568E+01 8.1204E-01
9.9940E+00 6.1775E-01
9.3570E+00 5.0628E-01
1.0981E+01 6.1905E-01
9.6900E+00 3.9859E-01
9.1920E+00 2.7877E-01
8.8560E+00 1.2394E-01
1.0326E+01 5.8114E-01
1.0119E+01 7.6857E-01
9.7170E+00 4.7888E-01
9.0360E+00 1.7830E-01
9.3320E+00 1.4251E-01
9.1070E+00 5.5253E-01
1.0158E+01 8.9968E-01
9.8720E+00 3.0813E-01
8.7750E+00 1.7122E-01
1.0232E+01 6.1851E-01
8.5060E+00 3.6325E-01
1.0057E+01 5.3660E-01
9.7350E+00 5.6983E-01
9.5950E+00 2.4640E-01
9.2550E+00 8.6697E-01
1.0219E+01 5.4495E-01
1.0256E+01 6.1051E-01
9.9220E+00 5.2407E-01
9.1520E+00 3.5658E-01
7.8640E+00 4.0985E-01
9.0090E+00 5.5439E-01
9.7110E+00 5.1854E-01
9.5010E+00 5.1085E-01
1.0567E+01 7.9072E-01
8.4410E+00 3.7267E-01
9.4300E+00 2.9503E-01
9.6980E+00 4.3606E-01
8.9290E+00 8.2488E-02
1.0470E+01 7.8401E-01
1.0547E+01 7.2309E-01
9.1260E+00 6.1272E-01
9.3610E+00 5.2863E-01
1.0294E+01 4.9561E-01
8.3710E+00 2.8415E-01
8.8480E+00 4.5317E-01
8.8300E+00 3.2780E-01
9.3480E+00 3.1233E-01
8.7830E+00 2.4617E-01
9.6070E+00 3.3709E-01
1.0232E+01 8.5291E-01
1.0356E+01 5.2962E-01
8.7200E+00 3.9724E-01
9.2750E+00 6.3619E-01
9.0880E+00 8.2677E-02
9.7260E+00 7.5082E-01
9.6030E+00 5.6333E-01
1.0432E+01 6.0154E-01
1.0192E+01 5.4660E-01
9.9720E+00 6.3999E-01
9.3930E+00 4.7933E-01
9.7720E+00 2.9312E-01
8.8190E+00 3.9081E-01
9.9200E+00 7.0804E-01
9.9550E+00 4.1301E-01
9.7070E+00 6.6867E-01
9.5120E+00 3.3720E-01
9.8720E+00 3.4733E-01
1.0125E+01 4.9340E-01
1.0617E+01 4.9613E-01
9.8740E+00 7.0755E-01
9.6540E+00 1.9023E-01
9.8600E+00 7.3181E-01
1.0149E+01 7.8705E-01
8.9110E+00 8.2228E-02
9.7830E+00 2.7785E-01
9.7360E+00 3.2521E-01
9.3730E+00 6.1020E-01
9.5910E+00 4.1483E-01
9.6150E+00 2.5854E-01
1.0015E+01 5.3532E-01
8.9840E+00 1.2749E-01
9.1370E+00 5.3966E-01
9.5820E+00 3.3953E-01
1.1216E+01 8.0332E-01
8.9230E+00 2.7136E-01
8.3460E+00 2.3430E-01
8.8820E+00 6.4014E-01
9.8200E+00 4.1504E-01
9.0290E+00 9.3905E-02
9.1380E+00 1.0757E-01
1.0083E+01 4.4684E-01
8.9450E+00 2.3854E-01
8.7700E+00 2.0236E-01
9.5860E+00 4.1029E-01
9.7100E+00 6.1905E-01
1.0381E+01 7.1114E-01
9.4030E+00 4.5170E-01
8.4990E+00 5.5905E-02
1.0215E+01 8.6531E-01
9.8210E+00 4.4262E-01
9.1430E+00 2.5685E-01
8.8290E+00 2.6183E-01
7.9280E+00 2.5445E-02
1.0145E+01 4.0743E-01
1.0495E+01 5.6675E-01
1.0968E+01 8.1296E-01
9.9440E+00 3.6782E-01
1.0627E+01 9.8566E-01
8.0750E+00 -2.5234E-02
1.0057E+01 3.5339E-01
8.9840E+00 3.5428E-01
1.0480E+01 8.3578E-01
9.2820E+00 6.1592E-01
9.2060E+00 6.2312E-01
9.8100E+00 6.2646E-01
1.0144E+01 3.8408E-01
1.0686E+01 5.4811E-01
8.9550E+00 3.1070E-01
1.0774E+01 7.2547E-01
1.0170E+01 5.1628E-01
1.0481E+01 6.7709E-01
8.6970E+00 3.3782E-01
9.0090E+00 4.5177E-01
9.5460E+00 6.3288E-01
1.0263E+01 5.0467E-01
8.5290E+00 -6.1597E-03
9.5910E+00 3.7804E-01
9.7450E+00 -3.4951E-01
9.9010E+00 4.5070E-01
9.8600E+00 5.6650E-01
8.9080E+00 1.9403E-01
1.0180E+01 5.7771E-01
1.0593E+01 4.8176E-01
8.3240E+00 1.0362E-01
9.0080E+00 4.0741E-01
9.5840E+00 7.2061E-01
9.2460E+00 5.5204E-01
9.3550E+00 2.5870E-01
1.0091E+01 5.2442E-01
1.0116E+01 4.8685E-01
9.9920E+00 5.5633E-01
9.6490E+00 2.8334E-01
8.3090E+00 5.9862E-01
9.0540E+00 1.7481E-01
9.3310E+00 5.1542E-01
9.4340E+00 4.5239E-01
9.8960E+00 2.9140E-01
1.0244E+01 5.8055E-01
1.0520E+01 5.7855E-01
9.5860E+00 5.7016E-01
1.0549E+01 7.4805E-01
9.5750E+00 3.0136E-01
1.0694E+01 5.3929E-01
9.6990E+00 4.6761E-01
1.0467E+01 6.6330E-01
9.3170E+00 -INF
1.0014E+01 1.8320E-01
9.1220E+00 4.3062E-01
1.0234E+01 1.5393E-01
9.4740E+00 6.7191E-01
9.7390E+00 7.8404E-01
9.6720E+00 3.5751E-01
1.0973E+01 7.2904E-01
9.4150E+00 6.5784E-01
8.9380E+00 1.7425E-01
1.0751E+01 8.5018E-01
1.0659E+01 4.2704E-01
9.6020E+00 7.9285E-01
9.2870E+00 6.2222E-01
8.7510E+00 1.3667E-01
9.5830E+00 5.5038E-01
1.0381E+01 4.6910E-01
9.1400E+00 3.6505E-01
9.7690E+00 2.8097E-01
9.3210E+00 2.0823E-01
1.0640E+01 -INF
9.9220E+00 4.8303E-01
1.0773E+01 1.0579E+00
8.8110E+00 3.3020E-01
9.0890E+00 2.2705E-01
9.1270E+00 2.6345E-01
1.0698E+01 7.5098E-01
9.7720E+00 4.7785E-01
1.0083E+01 6.9028E-01
9.7610E+00 4.1762E-01
1.0247E+01 1.0946E+00
9.2840E+00 8.4327E-01
8.5420E+00 5.3638E-01
9.2510E+00 5.0882E-01
8.7530E+00 4.4851E-01
1.0089E+01 6.9560E-01
1.1208E+01 8.2359E-01
8.4430E+00 -4.6433E-02
9.8110E+00 4.9291E-01
1.0987E+01 7.0249E-01
1.0260E+01 5.8857E-01
9.7590E+00 3.5585E-01
1.1239E+01 9.6213E-01
9.4470E+00 6.5193E-01
9.5070E+00 6.5326E-01
9.3410E+00 5.2182E-01
8.6720E+00 7.9512E-02
1.0270E+01 7.5238E-01
9.2470E+00 5.4562E-01
9.0790E+00 2.4851E-01
1.0679E+01 7.2422E-01
9.1240E+00 5.6130E-01
8.8950E+00 3.5733E-01
9.1510E+00 8.5885E-02
9.5940E+00 3.9922E-01
9.2750E+00 3.2236E-01
9.3640E+00 2.0740E-01
9.0980E+00 1.4224E-01
1.0199E+01 7.2869E-01
8.7640E+00 5.4090E-01
1.0057E+01 7.2674E-01
1.0343E+01 8.0882E-01
9.5960E+00 3.0998E-01
1.0339E+01 6.3279E-01
9.2610E+00 6.3850E-01
9.5840E+00 5.4003E-01
1.0518E+01 5.7514E-01
8.9930E+00 4.5793E-01
9.4210E+00 2.2278E-01
9.3580E+00 2.3832E-01
1.0699E+01 4.4123E-01
1.0155E+01 6.3562E-01
8.8240E+00 3.2994E-03
1.0052E+01 7.9794E-01
9.2010E+00 3.1940E-01
8.8120E+00 5.4080E-01
9.2400E+00 4.0477E-01
1.1034E+01 8.3890E-01
9.5330E+00 6.5021E-01
9.6220E+00 4.0266E-01
9.5060E+00 4.2422E-01
9.5830E+00 6.7154E-01
8.5390E+00 5.8753E-01
1.0600E+01 7.8352E-01
9.7040E+00 6.8842E-01
1.0766E+01 5.1414E-01
9.1940E+00 3.4202E-01
8.8780E+00 6.1558E-02
9.1140E+00 2.8817E-01
9.3180E+00 2.5462E-01
9.5710E+00 5.1233E-01
1.0951E+01 6.4304E-01
9.8580E+00 5.5998E-01
1.0141E+01 6.6658E-01
9.7540E+00 2.9394E-01
1.0528E+01 4.0584E-01
9.6690E+00 4.2856E-01
9.2270E+00 3.9039E-01
9.6430E+00 6.3238E-01
8.6700E+00 4.1663E-01
8.9970E+00 7.2003E-01
9.5320E+00 1.9511E-01
1.0280E+01 7.5815E-01
9.4500E+00 6.1322E-01
9.6930E+00 3.2629E-01
9.6670E+00 7.4362E-01
9.8570E+00 6.4934E-01
9.7010E+00 4.4946E-01
1.0520E+01 7.7120E-01
8.9400E+00 2.5757E-01
9.1700E+00 7.4545E-02
1.0566E+01 8.4098E-01
1.0074E+01 7.6157E-01
8.5810E+00 6.2613E-01
9.1280E+00 4.5989E-01
9.7160E+00 5.1962E-01
8.2750E+00 6.9919E-01
9.4360E+00 6.0957E-01
1.0069E+01 6.4943E-01
9.6340E+00 3.1905E-01
9.1970E+00 2.0619E-01
1.0493E+01 6.4187E-01
9.7120E+00 5.4998E-01
8.6230E+00 4.0604E-02
9.1100E+00 4.7130E-01
9.2150E+00 2.4400E-01
9.2080E+00 2.7754E-01
9.8510E+00 4.5507E-01
9.3520E+00 4.9507E-01
9.5330E+00 3.8813E-01
1.1578E+01 8.7647E-01
9.2070E+00 2.7997E-01
9.0040E+00 3.0015E-01
8.8690E+00 4.5330E-01
9.6480E+00 6.0082E-01
9.1820E+00 3.6977E-01
9.4270E+00 5.4350E-01
1.0056E+01 8.2846E-01
9.0380E+00 5.0825E-01
9.6740E+00 6.3960E-01
9.8200E+00 5.3929E-01
9.8060E+00 4.9582E-01
8.7440E+00 1.8651E-01
9.1260E+00 5.9003E-01
1.0820E+01 8.2700E-01
1.0326E+01 6.5125E-01
1.0207E+01 7.6506E-01
1.0754E+01 8.1805E-01
1.1141E+01 1.3122E+00
9.8200E+00 1.9658E-01
8.7960E+00 5.8500E-01
8.9960E+00 3.1382E-01
9.1870E+00 5.0586E-01
9.1500E+00 5.6500E-01
9.4930E+00 5.4237E-01
1.0056E+01 9.4206E-01
9.0190E+00 2.8669E-01
9.1840E+00 5.8564E-01
9.6080E+00 5.5882E-01
9.0260E+00 2.8707E-01
8.5320E+00 1.2993E-01
9.3790E+00 6.9300E-01
9.0870E+00 3.9648E-01
1.0575E+01 8.0004E-01
9.5990E+00 5.9087E-01
1.0311E+01 6.9482E-01
9.2320E+00 1.4056E-01
9.8770E+00 5.4335E-01
1.0037E+01 5.5085E-01
9.4090E+00 5.3363E-01
8.9620E+00 5.2584E-01
8.7400E+00 4.0407E-01
7.7090E+00 2.4296E-01
8.6510E+00 1.5093E-01
1.0134E+01 3.0055E-01
9.5790E+00 5.5814E-01
9.0230E+00 5.4356E-01
8.9340E+00 8.3495E-02
9.3290E+00 4.2054E-01
9.4990E+00 4.3768E-01
9.5360E+00 4.7809E-01
7.9210E+00 5.6904E-01
1.0491E+01 3.5156E-01
9.5890E+00 6.7537E-01
9.2950E+00 5.0413E-01
8.8710E+00 1.9535E-01
8.6550E+00 4.1986E-01
9.3800E+00 5.0089E-01
8.8600E+00 3.5109E-01
8.6130E+00 1.2369E-01
9.4620E+00 4.6503E-01
9.7220E+00 1.6350E-01
9.1720E+00 4.1820E-01
9.2020E+00 4.5712E-01
9.3000E+00 7.7676E-01
9.4530E+00 5.3973E-01
8.9470E+00 7.6494E-02
9.8890E+00 4.2392E-01
1.0053E+01 5.5665E-01
8.8740E+00 4.2385E-01
8.8520E+00 5.9430E-01
9.1760E+00 2.2198E-01
9.9140E+00 4.5851E-01
8.7420E+00 3.7354E-01
9.7530E+00 3.4796E-01
8.5310E+00 4.6272E-01
9.5000E+00 5.9645E-01
1.0337E+01 4.0703E-01
9.8330E+00 4.2358E-01
9.0760E+00 2.0543E-01
1.0350E+01 5.8411E-01
1.0341E+01 6.5413E-01
9.9060E+00 4.7860E-01
8.9560E+00 3.4736E-01
1.0606E+01 5.7730E-01
1.0267E+01 6.5749E-01
1.0568E+01 4.4907E-01
9.5120E+00 5.5829E-01
1.0606E+01 3.9144E-01
9.4520E+00 4.9938E-01
9.1840E+00 4.5205E-01
9.1160E+00 3.4348E-01
9.7320E+00 4.6733E-01
9.9320E+00 4.7607E-01
9.6180E+00 3.5230E-01
9.2190E+00 4.1336E-01
9.4860E+00 5.7285E-01
1.0428E+01 6.1578E-01
9.1710E+00 3.4486E-01
1.0639E+01 6.0079E-01
9.9190E+00 2.5672E-01
1.0177E+01 8.2875E-01
9.2550E+00 3.1092E-01
9.9750E+00 6.5666E-01
9.5400E+00 7.4229E-01
8.5070E+00 2.0691E-01
9.3690E+00 3.6670E-01
9.3350E+00 5.6927E-01
1.0450E+01 6.5477E-01
8.9270E+00 2.6130E-01
9.0870E+00 3.8089E-01
1.0160E+01 3.2100E-01
9.4370E+00 3.7708E-01
9.3180E+00 6.6032E-01
9.2140E+00 4.7043E-01
9.5350E+00 5.9288E-01
9.4410E+00 5.9181E-01
8.8560E+00 1.7758E-01
1.0084E+01 6.9553E-01
8.9650E+00 6.3554E-01
1.0320E+01 9.0475E-01
9.0880E+00 1.2094E-01
8.9720E+00 5.2352E-02
9.3800E+00 1.9005E-01
9.0870E+00 3.7778E-01
8.5310E+00 2.2609E-01
9.5510E+00 6.2395E-01
8.2810E+00 1.2445E-02
1.0359E+01 5.4844E-01
9.3880E+00 4.5278E-01
9.4350E+00 4.5028E-01
9.9070E+00 3.8043E-01
9.4240E+00 4.0297E-01
9.2030E+00 2.5814E-01
9.4760E+00 6.4771E-01
8.9460E+00 4.3999E-01
9.3500E+00 5.9450E-01
9.2660E+00 4.3936E-01
9.5960E+00 4.2133E-01
1.0134E+01 3.8487E-01
8.6450E+00 1.8948E-01
9.4950E+00 6.8488E-01
9.1520E+00 5.1690E-01
9.1670E+00 3.4017E-01
9.2110E+00 4.7541E-01
8.9630E+00 5.3732E-01
9.3410E+00 4.1607E-01
9.2860E+00 3.8564E-01
9.2280E+00 5.7788E-01
8.3240E+00 4.9101E-01
8.5330E+00 5.0101E-01
9.2260E+00 6.8441E-01
9.5100E+00 4.2063E-01
9.3570E+00 2.7999E-01
8.7770E+00 1.8065E-01
9.1220E+00 2.8515E-01
9.9960E+00 7.2639E-01
9.2090E+00 5.9962E-01
9.5610E+00 4.5573E-01
8.3990E+00 4.4688E-01
9.4010E+00 2.7001E-01
9.4240E+00 8.1200E-01
9.1040E+00 4.0870E-01
9.2080E+00 6.3837E-01
1.0093E+01 8.5542E-01
1.0341E+01 6.5092E-01
1.0722E+01 9.7957E-01
9.3210E+00 6.0613E-01
9.8080E+00 6.4288E-01
1.0229E+01 6.4697E-01
8.1000E+00 2.2471E-01
9.8080E+00 6.9323E-01
9.0610E+00 3.7316E-01
9.6360E+00 5.7300E-01
1.1424E+01 8.3750E-01
9.3940E+00 9.5183E-01
9.5700E+00 3.7421E-01
8.8300E+00 2.1045E-01
8.8080E+00 4.3367E-01
1.0106E+01 6.2991E-01
9.2430E+00 6.2020E-01
9.3310E+00 2.2004E-01
9.3980E+00 1.3940E-01
9.1700E+00 1.8959E-01
9.7330E+00 2.9607E-01
1.0733E+01 6.5651E-01
1.0672E+01 8.7893E-01
8.8340E+00 3.4163E-01
1.0385E+01 5.0778E-01
8.8650E+00 5.6460E-01
9.4920E+00 5.0879E-01
9.6330E+00 6.4597E-01
8.9050E+00 3.0701E-01
9.1870E+00 2.8498E-01
9.7720E+00 1.9351E-01
9.6880E+00 6.7911E-01
9.4190E+00 6.6707E-01
8.9790E+00 8.0575E-01
9.8960E+00 8.0595E-01
9.5960E+00 8.0517E-01
9.4860E+00 3.2628E-01
9.6770E+00 5.3776E-01
8.6500E+00 1.6527E-01
8.4320E+00 4.3842E-01
9.9420E+00 6.5138E-01
1.0260E+01 5.1177E-01
8.7560E+00 4.3381E-01
1.0030E+01 7.6345E-01
1.0051E+01 5.2521E-01
9.8080E+00 6.3292E-01
9.9020E+00 5.4026E-01
1.0072E+01 2.9717E-01
9.0980E+00 1.6778E-01
9.1840E+00 1.4023E-01
8.6180E+00 3.6096E-01
8.9370E+00 1.3462E-01
1.0471E+01 5.2149E-01
9.9160E+00 5.5361E-01
9.4560E+00 5.2258E-01
8.4860E+00 2.8504E-01
9.2180E+00 1.3479E-01
8.7940E+00 1.8274E-01
8.8490E+00 1.3363E-01
1.0081E+01 5.5320E-01
1.0327E+01 6.5470E-01
9.2820E+00 5.1329E-01
1.0310E+01 8.5405E-01
9.3310E+00 4.0744E-01
9.8530E+00 5.3201E-01
9.6190E+00 3.3245E-01
9.7210E+00 2.4359E-01
7.7460E+00 2.1806E+00
9.4180E+00 5.8483E-01
9.9390E+00 5.7814E-01
9.4130E+00 5.0536E-01
1.1252E+01 1.0183E+00
9.9380E+00 4.0288E-01
9.7490E+00 3.1874E-01
1.0922E+01 8.4602E-01
1.0167E+01 5.1255E-01
9.3240E+00 5.7362E-01
9.3010E+00 4.6517E-01
8.9340E+00 6.1620E-01
8.8030E+00 3.6001E-01
9.2780E+00 6.7509E-01
8.6990E+00 6.1149E-01
9.1880E+00 1.8106E-01
9.8170E+00 5.5988E-01
1.1197E+01 8.9914E-01
9.6700E+00 4.5769E-01
