# CANDELSData>	col 0: Mass	col 1: Size	Between redshifts 2.0 and 2.5
1.0622E+01 6.9718E-01
9.4610E+00 2.7696E-01
1.1098E+01 5.8375E-01
1.1032E+01 8.8708E-01
9.9440E+00 2.0343E-01
1.1630E+01 8.3033E-01
1.1090E+01 2.8264E-01
1.0045E+01 4.0144E-01
1.0781E+01 8.9261E-01
1.0008E+01 6.2319E-02
1.0008E+01 6.2319E-02
1.0044E+01 1.8980E-01
9.8260E+00 6.8602E-01
9.8080E+00 5.1564E-01
9.8270E+00 7.4891E-01
1.0281E+01 4.5774E-01
9.5860E+00 1.3229E-01
9.5860E+00 1.3229E-01
9.9650E+00 1.5549E-01
9.9890E+00 2.7041E-01
0.0000E+00 1.4222E-01
1.0431E+01 2.2298E-01
1.0361E+01 3.8577E-01
9.6450E+00 1.3849E-01
1.0198E+01 3.8250E-01
9.3430E+00 1.4688E-01
9.9160E+00 5.8012E-01
1.0067E+01 1.6423E-01
1.1526E+01 8.9812E-01
1.0260E+01 5.7175E-01
1.0221E+01 7.0423E-01
1.1375E+01 4.7304E-01
1.2044E+01 -INF
1.1270E+01 5.1104E-01
1.0910E+01 9.0081E-01
1.0186E+01 1.0231E-01
1.0333E+01 3.9493E-01
1.0333E+01 3.9493E-01
1.0065E+01 2.7302E-01
1.0951E+01 3.6838E-01
9.2760E+00 2.8957E-01
9.8710E+00 2.3294E-01
9.1840E+00 3.9864E-01
8.9730E+00 5.4796E-01
9.7330E+00 1.5602E-01
9.3210E+00 5.7742E-01
8.7890E+00 2.5170E-01
9.7570E+00 7.0524E-01
1.0398E+01 3.4640E-01
9.5900E+00 6.5424E-01
9.5240E+00 1.9852E-01
1.0937E+01 6.4934E-01
9.9100E+00 8.1081E-01
8.9910E+00 4.9525E-01
9.5730E+00 3.8914E-01
9.8840E+00 7.5832E-02
9.9870E+00 1.7652E-01
9.8050E+00 5.9993E-01
9.8460E+00 1.3663E-01
1.1015E+01 3.7752E-01
1.0665E+01 1.7086E-01
1.0061E+01 4.3627E-01
9.6040E+00 2.2581E-01
1.0413E+01 8.6627E-01
1.1014E+01 6.6054E-01
9.4960E+00 6.4084E-02
9.8520E+00 6.5749E-01
9.4410E+00 2.9031E-01
9.3950E+00 1.4915E-01
1.0425E+01 4.7862E-01
9.9910E+00 1.2355E-01
1.0484E+01 2.3184E-01
9.7380E+00 5.5758E-01
1.0642E+01 5.8397E-02
1.0065E+01 2.3145E-01
9.4810E+00 5.1105E-01
9.9760E+00 5.5321E-01
9.9460E+00 5.7650E-01
1.1565E+01 8.6093E-01
1.1423E+01 4.3696E-01
9.8080E+00 6.0968E-01
1.0575E+01 6.9077E-01
1.0106E+01 4.8448E-01
1.0034E+01 2.7176E-01
1.0871E+01 2.8562E-01
9.7650E+00 3.4391E-01
1.1680E+01 5.6335E-01
9.8280E+00 1.8056E-01
1.0315E+01 6.4801E-01
1.1559E+01 4.4362E-01
1.0113E+01 8.9876E-01
9.9860E+00 5.0570E-01
9.5040E+00 2.1277E-01
9.9240E+00 2.5987E-01
9.9020E+00 4.4154E-01
9.3310E+00 7.5466E-02
1.1532E+01 6.9321E-01
9.9960E+00 1.1769E-01
9.6660E+00 1.4586E-01
1.0131E+01 4.0014E-01
9.8750E+00 4.8090E-01
9.5000E+00 1.4443E-01
9.7870E+00 3.8216E-01
1.0566E+01 8.2344E-01
9.6730E+00 2.0649E-01
9.6680E+00 2.5956E-01
1.0679E+01 3.8556E-01
9.6670E+00 4.6124E-01
1.0181E+01 4.3426E-01
1.0203E+01 6.2537E-01
9.4420E+00 2.1048E-01
1.0036E+01 4.2721E-01
1.1153E+01 5.1538E-01
9.8880E+00 6.2773E-01
9.8840E+00 1.0192E-01
9.9000E+00 9.9704E-02
9.5450E+00 4.0537E-01
1.0994E+01 5.9436E-01
9.5780E+00 6.6125E-01
1.0832E+01 8.9905E-01
1.0727E+01 4.0746E-01
9.4480E+00 1.7300E-01
1.0848E+01 3.9712E-01
9.5540E+00 1.9970E-01
1.0169E+01 4.8027E-01
9.6190E+00 2.4039E-01
1.0916E+01 6.4792E-01
1.0822E+01 8.4921E-02
1.0598E+01 5.0310E-01
9.9360E+00 2.5817E-01
9.5730E+00 5.7685E-01
9.8830E+00 8.8655E-02
9.8020E+00 3.2732E-01
9.8020E+00 3.2732E-01
9.2900E+00 2.5494E-01
9.2900E+00 2.5494E-01
9.6870E+00 2.9831E-01
9.9620E+00 7.6261E-01
9.9620E+00 7.6261E-01
9.9620E+00 7.6261E-01
1.0215E+01 5.0571E-01
1.0215E+01 5.0571E-01
9.5020E+00 2.9596E-01
1.0322E+01 2.6110E-01
1.0976E+01 6.1093E-01
1.0180E+01 2.3890E-01
9.3600E+00 7.7279E-02
9.3600E+00 7.7279E-02
9.8100E+00 2.2172E-01
9.8100E+00 2.2172E-01
9.8100E+00 2.2172E-01
1.0350E+01 6.9574E-01
1.0350E+01 6.9574E-01
1.0350E+01 6.9574E-01
1.0248E+01 6.1344E-01
1.0248E+01 6.1344E-01
9.9760E+00 3.5229E-01
1.1492E+01 7.5411E-01
1.1492E+01 7.5411E-01
9.4830E+00 1.4181E-01
9.4830E+00 1.4181E-01
9.4830E+00 1.4181E-01
9.5450E+00 2.3312E-01
9.5450E+00 2.3312E-01
9.2800E+00 -2.1629E-01
9.2800E+00 -2.1629E-01
9.2800E+00 -2.1629E-01
9.5290E+00 5.4145E-01
9.6270E+00 1.6810E-01
1.0496E+01 8.0153E-01
1.0496E+01 8.0153E-01
1.1437E+01 9.2459E-01
1.0163E+01 5.2648E-01
9.7640E+00 2.2256E-01
9.4690E+00 3.3747E-01
9.4690E+00 3.3747E-01
9.4690E+00 3.3747E-01
9.4280E+00 8.9731E-02
1.0254E+01 5.8302E-01
1.0254E+01 5.8302E-01
1.0254E+01 5.8302E-01
1.0319E+01 2.9470E-01
1.0319E+01 2.9470E-01
1.0319E+01 2.9470E-01
1.0206E+01 1.1534E-01
8.3360E+00 2.4005E-01
8.3360E+00 2.4005E-01
9.8770E+00 1.6354E-01
9.8770E+00 1.6354E-01
9.7830E+00 4.8160E-01
1.0757E+01 7.4024E-01
1.0531E+01 8.7550E-01
7.3750E+00 2.6042E-02
7.3750E+00 2.6042E-02
7.3750E+00 2.6042E-02
9.2940E+00 9.6934E-01
9.6390E+00 2.1936E-01
1.0140E+01 8.0492E-01
1.0140E+01 8.0492E-01
9.9060E+00 5.6447E-01
9.9060E+00 5.6447E-01
1.0357E+01 6.9446E-01
1.0357E+01 6.9446E-01
9.7100E+00 -1.4863E-01
9.7100E+00 -1.4863E-01
9.9030E+00 3.3586E-01
9.6620E+00 2.8559E-01
9.5280E+00 3.8097E-01
1.0567E+01 2.1365E-01
1.0567E+01 2.1365E-01
1.0567E+01 2.1365E-01
9.3950E+00 3.2262E-01
9.3950E+00 3.2262E-01
9.7510E+00 2.8415E-01
9.4190E+00 5.8913E-01
1.0981E+01 3.2478E-01
1.1182E+01 5.3416E-01
1.0099E+01 6.0372E-01
1.0035E+01 3.0182E-01
1.0013E+01 3.0110E-01
1.0013E+01 3.0110E-01
9.8880E+00 1.6034E-01
1.0015E+01 3.1347E-01
1.0052E+01 4.7241E-01
1.0052E+01 4.7241E-01
1.0293E+01 2.6973E-01
1.0816E+01 2.6361E-01
1.0256E+01 3.2294E-01
1.0256E+01 3.2294E-01
1.0182E+01 9.7359E-04
1.0182E+01 9.7359E-04
9.4610E+00 3.5056E-01
9.5700E+00 2.8240E-01
9.5700E+00 2.8240E-01
9.9750E+00 3.2041E-01
9.9750E+00 3.2041E-01
9.8560E+00 6.2455E-01
9.8560E+00 6.2455E-01
9.7810E+00 3.4681E-01
9.6330E+00 4.6363E-01
1.1636E+01 5.3886E-01
1.1636E+01 5.3886E-01
1.0170E+01 6.9086E-01
9.5280E+00 4.1099E-01
9.4540E+00 6.8460E-01
9.4540E+00 6.8460E-01
1.0738E+01 8.3421E-01
1.0428E+01 3.2308E-01
1.0428E+01 3.2308E-01
9.4820E+00 4.8335E-01
9.4820E+00 4.8335E-01
9.5560E+00 2.5301E-01
9.3040E+00 3.8055E-01
9.3040E+00 3.8055E-01
9.9460E+00 1.0164E-01
9.9440E+00 3.1711E-01
9.9440E+00 3.1711E-01
9.6560E+00 -4.2728E-03
1.0352E+01 8.0947E-01
1.0352E+01 8.0947E-01
9.3790E+00 1.1674E-01
9.3790E+00 1.1674E-01
1.0192E+01 1.7399E-01
1.2315E+01 3.7819E-01
1.2315E+01 3.7819E-01
9.7800E+00 4.8625E-01
1.0644E+01 3.7663E-01
9.0760E+00 1.5908E-01
9.7710E+00 2.9358E-01
1.0149E+01 1.1628E+00
9.7720E+00 3.3658E-01
9.6010E+00 1.8055E-01
1.0607E+01 3.3299E-01
9.3590E+00 5.5278E-01
1.1514E+01 4.2572E-01
1.0819E+01 1.0364E-01
9.5970E+00 3.4722E-01
1.1320E+01 4.1432E-01
1.0524E+01 3.5647E-01
9.7110E+00 1.9058E-01
9.7730E+00 4.1723E-01
9.2630E+00 2.4730E-01
1.0791E+01 1.9859E-01
9.1950E+00 1.2907E-01
9.3080E+00 1.1469E-01
1.1393E+01 4.7715E-01
9.5940E+00 2.7590E-01
1.0461E+01 2.9404E-01
1.0084E+01 1.0061E-01
9.5460E+00 4.3298E-01
9.8900E+00 3.4278E-01
0.0000E+00 2.6360E-01
9.9410E+00 7.0301E-01
9.6520E+00 5.8938E-01
1.0232E+01 2.3291E-01
1.0359E+01 3.3954E-01
9.0330E+00 4.1784E-01
1.0392E+01 5.7850E-01
1.1038E+01 3.3523E-01
9.7100E+00 2.8390E-01
9.0500E+00 1.0189E-01
8.8640E+00 1.6591E-01
9.7440E+00 2.1192E-01
9.5950E+00 6.5868E-01
9.7200E+00 3.3031E-01
1.0439E+01 2.5901E-01
9.4690E+00 3.9867E-01
9.7880E+00 3.4855E-01
9.6320E+00 2.4752E-01
1.0159E+01 4.5070E-01
1.0279E+01 1.2185E-01
9.4860E+00 1.4546E-01
9.7110E+00 3.3426E-01
9.5650E+00 1.9726E-01
9.6450E+00 4.6014E-01
9.5050E+00 1.1714E-01
9.6580E+00 1.7934E-01
9.6540E+00 2.0927E-01
1.0005E+01 1.7298E-01
9.4480E+00 2.0984E-01
9.4610E+00 1.8165E-01
1.0967E+01 6.9198E-01
1.0468E+01 4.9610E-01
1.1150E+01 5.6334E-01
1.0028E+01 5.4913E-01
1.1181E+01 1.0687E-01
1.1061E+01 9.2910E-01
9.6200E+00 2.5103E-01
9.9470E+00 1.6191E-01
9.4080E+00 9.0901E-03
9.5570E+00 8.0689E-02
9.8580E+00 2.8384E-01
1.0180E+01 4.8311E-01
9.1140E+00 2.3089E-01
9.9810E+00 8.0018E-01
1.1708E+01 4.3783E-01
9.4340E+00 6.4935E-01
1.1028E+01 6.8720E-01
1.1041E+01 2.9535E-01
9.5370E+00 1.4586E-01
9.5970E+00 1.9081E-01
1.0005E+01 4.5085E-01
1.0433E+01 3.0919E-01
1.0285E+01 6.9992E-01
1.0923E+01 1.8636E-01
9.7550E+00 3.2815E-01
1.1341E+01 4.2946E-01
1.0041E+01 9.7887E-02
1.0014E+01 4.6738E-01
9.5200E+00 2.7538E-01
1.0906E+01 6.9140E-01
9.6580E+00 4.1375E-01
9.5100E+00 2.3844E-01
9.8830E+00 4.2065E-01
9.4260E+00 2.4206E-01
1.0503E+01 4.3027E-01
1.0022E+01 3.1548E-01
1.0418E+01 4.7052E-01
9.2200E+00 2.6746E-01
9.7590E+00 5.2039E-01
1.1048E+01 2.6017E-01
1.0016E+01 4.7161E-01
9.7260E+00 5.6906E-01
9.7940E+00 2.0948E-01
9.4550E+00 4.6860E-01
9.6310E+00 5.7859E-01
1.0519E+01 2.3551E-01
1.1692E+01 7.5313E-01
1.0191E+01 2.3926E-01
1.0258E+01 3.0469E-01
9.7040E+00 3.2380E-01
9.7670E+00 3.3757E-01
1.0000E+01 4.7404E-01
9.8200E+00 2.0470E-01
9.5240E+00 2.5309E-01
1.0301E+01 5.8550E-01
9.3960E+00 2.6530E-01
9.9840E+00 1.6816E-01
1.0046E+01 2.1175E-01
1.0242E+01 3.7737E-01
9.7280E+00 1.7910E-01
9.3400E+00 2.6665E-01
1.0199E+01 6.2742E-01
9.1500E+00 1.1322E-01
1.0999E+01 4.8946E-01
9.9650E+00 6.0213E-01
9.6820E+00 1.9641E-01
9.3140E+00 2.1688E-01
9.7450E+00 4.0204E-01
1.0171E+01 1.6067E-01
